!Fitted parameters up to n=22
0.000862
295.146619
-281.732518
-83.704140
-1.019058
-861.290825
3.597110
-1.062747
-0.011881
-0.797271
0.042303
-0.001067
0.000703
0.056555
-0.001389
-0.000424
-0.000097
0.000223
0.000076
-0.000011
-0.000008
0.000045
0.000000
-0.000002
-0.000000
0.000000
0.000000
-0.000000
-0.000000
-0.000000
0.000000
-0.000000
0.000000
-0.000000
0.000000
-0.000000
0.000000
-0.000000
0.000000
0.000000
0.000000
-0.000000
0.000000
-0.000000
0.000000
-0.000000
0.022505
-0.000004
-0.000001
0.008242
-0.000004
-0.000004
-0.000005
0.006424
-0.000001
-0.000002
-0.000002
0.000397
-0.000001
0.020803
0.001869
-0.000002
0.000000
0.010911
