 -9.90049751e-16
  1.45549551e-01
 -1.33160130e-04
 -6.29760188e-02
 -4.70806272e-04
 -8.64840928e+02
 -4.02589006e-04
  2.81422328e-03
  1.01049275e-04
 -5.71879818e-03
 -1.94211887e-05
 -3.91098676e-04
  1.37059973e-06
  2.52739541e-04
 -5.29940995e-07
 -1.67185269e-05
 -2.80387005e-07
 -4.03752339e-06
 -3.23707593e-08
 -9.47697976e-08
  2.70721318e-09
  4.15685373e-07
  1.78265957e-09
 -2.28815564e-08
 -8.78944850e-10
 -2.22758424e-08
  6.48279920e-11
 -1.77586237e-08
  2.66063120e-11
  3.14834644e-10
  3.37348306e-12
  7.58852009e-11
 -2.73293009e-12
 -2.03286806e-11
 -1.28094037e-12
 -5.02926491e-12
 -8.85057337e-15
 -4.29207910e-12
 -2.14897026e-13
  9.17133767e-13
  1.33829793e-13
 -1.08151613e-12
  1.73388803e-13
  2.67094164e-13
  1.42592550e-14
 -1.82329809e-13
 -1.67471378e-14
 -4.96123816e-14
 -2.76976814e-15
 -2.38319611e-15
 -1.43999408e-16
  1.44793217e-16
  8.53929684e-17
 -6.11010768e-16
  2.17140890e-17
  2.67079462e-16
 -4.81903697e-18
  1.51567176e-18
 -9.86116691e-19
 -3.49206894e-18
 -2.37904978e-19
 -2.27588924e-18
