!Fitted parameters up to n=22
  0.00000000e+00
  3.50797819e+02
  -8.73684428e-01
  -3.94632022e+00
 -4.09604121e-01
 -8.62000510e+02
 -9.14738873e-02
 6.88322758e-02
  4.40852611e-02
  -7.97139739e-01
  2.08330546e-03
  -4.61081712e-03
 -1.31300266e-04
 5.88612175e-02
 -3.73538646e-04
 -3.06897147e-04
 -6.79401162e-05
 2.61042741e-04
 5.89320490e-06
 -8.41254919e-07
  4.06394128e-06
  4.50930584e-05
  1.09175674e-06
  -1.82389278e-07
 -1.12778552e-07
 8.04026617e-08
 -8.37753159e-09
 -4.69581495e-08
 -2.67309005e-09
 -6.97663699e-09
 1.19459884e-09
 -1.30243688e-09
  3.46669553e-10
  -1.04576476e-10
  -7.21680688e-11
  -9.22119309e-11
 -4.53470747e-12
 -3.13278208e-11
 -2.59797310e-13
 4.96403978e-12
 -1.15743987e-12
 -1.47056124e-12
 1.11754948e-13
 -4.75044124e-14
 -5.08296372e-14
 2.11664236e-14
