!V           low     hi
 -9.90049751e-06	-0.000010	0.000010
  6.13704636e+01	-850.000000	850.000000
 -1.40802207e+02	-200.000000	200.000000 
 8.47048995e-01	-200.000000	200.000000
 -5.68454470e-01	-50.000000	50.000000
 -8.80437293e+02	-1e20	-500.000000
 3.57744092e+00	-10.000000	10.000000
 2.98093754e+00	-10.000000	10.000000
 9.85389490e-02	-3.000000	3.000000
 -1.62463910e+00	-3.000000	3.000000
 2.79106791e-02	-1.000000	1.000000
 1.65005033e-01	-1.000000	1.000000
 -1.45468454e-02	-0.200000	0.200000
 2.36896219e-02	-0.200000	0.200000
 1.26475498e-04	-0.030000	0.030000
 5.84051614e-03	-0.030000	0.030000
 -7.80432721e-05	-0.005000	0.005000
 -1.20763837e-03	-0.005000	0.005000
 5.01075666e-05	-0.001100	0.001100
 2.72561943e-04	-0.001100	0.001100
 -2.99375474e-05	-0.000250	0.000250
 -6.37118106e-06	-0.000250	0.000250
 2.73891149e-06	-0.000055	0.000055
 7.40289459e-06	-0.000055	0.000055
 -1.75689788e-06	-0.000013	0.000013
 -1.64224964e-06	-0.000013	0.000013
 1.37814345e-07	-0.000003	0.000003
 1.94753832e-07	-0.000003	0.000003
 9.83306450e-09	-0.000001	0.000001
 -7.24096570e-08	-0.000001	0.000001
