   5.55791250e+00
   1.14868696e+01
   1.00000000e-01
   1.00000000e-01
   1.40494411e+00
   2.39341582e+00
  -3.74618074e+00
   2.00000000e+00
   8.25615586e+00
   5.21161855e+04
   -1.25584613e+01
   1.94062473e+00
   8.65143673e-01
   1.48121771e+00
   4.30149487e-02
   0.00000000e+00
   1.07416836e-01
   -1.27012972e+02
   8.46091027e-02
   -3.34966018e-02
   -5.68697413e-03
   -1.60984264e+05
   6.33201528e-02
   -7.97572885e-02
   2.54161898e+00
   1.48870425e+00
   -1.91669820e-02
   0.00000000e+00
   3.81047634e-01
   -5.67754843e+01
   2.45105472e-02
   -3.88854376e-02
   -2.67052636e-02
   -7.96099695e+03
   5.81642427e-02
   -1.47214870e-01
   -3.54471906e-03
   -3.52624364e+06
   2.48382393e-02
   -2.04730026e-02
   1.02026690e+01
   1.49929808e+00
   -3.38938876e-02
   0.00000000e+00
   1.71397237e+00
   -3.18073783e+01
   4.54532020e-02
   -3.81819564e-02
   -1.47166605e-01
   -2.42228183e+03
   5.95660366e-02
   -1.37140063e-01
   -2.30507981e-02
   -6.37688051e+05
   2.36601547e-02
   -9.44992095e-03
   -1.85830696e-03
   2.02805271e+06
   1.19699972e-02
   -1.49119363e-02
   4.95524557e+01
   1.49242658e+00
   -4.50101130e-02
   0.00000000e+00
   9.19264354e+00
   -1.98590009e+01
   6.81422349e-02
   -3.70228816e-02
   -9.65268499e-01
   -9.02361608e+02
   5.67528330e-02
   -1.40258953e-01
   -1.73132608e-01
   -6.48492018e+04
   2.71460499e-02
   -1.75313364e-02
   -1.57888818e-02
   -1.04022213e+06
   1.86879790e-02
   -1.03509605e-02
   -1.63655295e-03
   0.00000000e+00
   3.97725056e-02
   -1.56147272e-03
