!V
   9.90049751e-06
   6.05035154e+01
  -1.40580376e+02
   1.10375408e+00
  -5.61551339e-01
  -8.80557214e+02
   3.57740390e+00
   2.99755175e+00
   9.64289051e-02
  -1.63205456e+00
   2.87431756e-02
   1.66676647e-01
  -1.50194754e-02
   2.53319206e-02
  -1.31432452e-03
   4.00870931e-03
   2.57114673e-04
   3.03579351e-05
   8.74359401e-05
   1.56414149e-04
  -1.37296572e-06
   2.32305127e-05
  -4.67886815e-06
   5.56737057e-06
  -3.48807379e-07
  -1.27867475e-06
   5.84720086e-08
   1.97663590e-07
  -1.91110223e-08
  -8.02223311e-08
