!Fitted parameters up to n=22
  0.00000000e+00
  3.50797819e+02
  -8.73684428e-01
  -3.94632022e+00
 -4.09604121e-01
 -8.61437353e+02
 -9.14738876e-02
 6.88322760e-02
  4.40852611e-02
  -7.97139739e-01
  2.08330567e-03
  -4.61081713e-03
 -1.31300310e-04
 5.88612179e-02
 -3.73538740e-04
 -3.06897260e-04
 -6.79403342e-05
 2.61042668e-04
 5.89318769e-06
 -8.41236122e-07
  4.06389973e-06
  4.50929484e-05
  1.09185429e-06
  -1.82388397e-07
 -9.77722971e-08
 8.04011283e-08
 -8.64776934e-09
 -4.72959869e-08
 -2.66537962e-09
 -6.95841066e-09
 1.23944309e-09
 -1.02684034e-09
  3.90227944e-10
  -1.50183439e-10
  -1.51583717e-11
  8.81224408e-11
 -2.81440012e-12
 -9.17467527e-12
 -5.79664899e-12
 6.02930815e-12
 -2.60619715e-13
 -1.33981755e-12
 2.30225041e-14
 -2.15831079e-14
  1.11229398e-14
  7.18253437e-15
