  -2.80366963e+05
  -7.12412436e+05
  1.00000000e-01
  1.00000000e-01
  -1.93309915e+05
  -7.24352725e+05
  -4.02262059e+02
  2.00000000e+00
  -1.81906232e+06
  -1.84739959e+10
  3.48717357e+03
  1.74937216e+00
   3.67007667e+05
   7.44632897e+05
   -1.31800470e+03
   0.00000000e+00
  -1.26160006e+05
  1.45230458e+07
  -7.87498658e+00
  -2.93155243e+00
   2.27838505e+03
   -6.33804270e+09
   -3.55001012e+02
   2.24189674e+02
   1.07127599e+06
   7.59231631e+05
   7.66853855e+03
   0.00000000e+00
  -7.67836716e+04
  2.38869063e+07
  -5.00034774e+03
  -3.85376074e+00
   1.19164823e+04
   -5.32031209e+08
   -3.35261442e+01
   1.89832860e+02
  -5.01360017e+02
  -7.85980062e+10
  -2.80638045e+02
  7.91934080e+00
   4.37853081e+06
   7.90742571e+05
   -1.64225097e+02
   0.00000000e+00
   2.64760539e+05
   1.38213122e+07
   -3.45102364e+03
   -1.24333681e+00
  -7.95987409e+04
  9.09137960e+07
  -3.38029615e+01
  1.50175932e+00
  -3.53615864e+03
  -8.38607581e+09
  -7.93129830e+01
  4.78660887e+00
  -3.96143014e+02
  -1.65333458e+13
  -5.48992293e+02
  6.80785858e+00
