7.06984087515E+02  6.45653728010E+00  -1.65000000000E+00  -1.31506252015E+04  
7.06984087515E+02  6.45653728010E+00  -1.55000000000E+00  -1.33784338185E+04  
7.06984087515E+02  6.45653728010E+00  -1.45000000000E+00  -1.36062424356E+04  
7.06984087515E+02  6.45653728010E+00  1.45000000000E+00  -1.36728059489E+04  
7.06984087515E+02  6.45653728010E+00  1.55000000000E+00  -1.34368121086E+04  
7.06984087515E+02  6.45653728010E+00  1.65000000000E+00  -1.31266562919E+04  
7.07480918471E+02  6.45198388437E+00  -2.55000000000E+00  -6.04096188904E+03  
7.07480918471E+02  6.45198388437E+00  -2.45000000000E+00  -6.49580124472E+03  
7.07480918471E+02  6.45198388437E+00  2.45000000000E+00  -6.48847229994E+03  
7.07480918471E+02  6.45198388437E+00  2.55000000000E+00  -5.97706966305E+03  
7.07977753888E+02  6.44743687946E+00  -3.15000000000E+00  3.51888696119E+02  
7.07977753888E+02  6.44743687946E+00  -1.45000000000E+00  -6.90911726452E+03  
7.07977753888E+02  6.44743687946E+00  -1.35000000000E+00  -7.20964795109E+03  
7.07977753888E+02  6.44743687946E+00  -1.25000000000E+00  -7.36144469727E+03  
7.07977753888E+02  6.44743687946E+00  1.25000000000E+00  -7.30839420698E+03  
7.07977753888E+02  6.44743687946E+00  1.35000000000E+00  -7.14542711619E+03  
7.07977753888E+02  6.44743687946E+00  1.45000000000E+00  -6.95979510924E+03  
7.07977753888E+02  6.44743687946E+00  3.15000000000E+00  3.08088009565E+02  
7.08474593758E+02  6.44289625198E+00  -3.65000000000E+00  5.94998773854E+03  
7.08474593758E+02  6.44289625198E+00  -3.55000000000E+00  5.27933344510E+03  
7.08474593758E+02  6.44289625198E+00  -2.25000000000E+00  -1.63938643335E+03  
7.08474593758E+02  6.44289625198E+00  -2.15000000000E+00  -2.00618129420E+03  
7.08474593758E+02  6.44289625198E+00  2.15000000000E+00  -1.91485042297E+03  
7.08474593758E+02  6.44289625198E+00  2.25000000000E+00  -1.50769646688E+03  
7.08474593758E+02  6.44289625198E+00  3.55000000000E+00  5.30492741485E+03  
7.08474593758E+02  6.44289625198E+00  3.65000000000E+00  5.91576531210E+03  
7.08971438071E+02  6.43836198857E+00  -3.95000000000E+00  1.00235803718E+04  
7.08971438071E+02  6.43836198857E+00  -3.85000000000E+00  9.31849686025E+03  
7.08971438071E+02  6.43836198857E+00  -2.75000000000E+00  2.72748353910E+03  
7.08971438071E+02  6.43836198857E+00  -2.65000000000E+00  2.27278242345E+03  
7.08971438071E+02  6.43836198857E+00  -1.25000000000E+00  -2.59937607783E+03  
7.08971438071E+02  6.43836198857E+00  -1.15000000000E+00  -2.79698797896E+03  
7.08971438071E+02  6.43836198857E+00  -1.05000000000E+00  -2.99459988010E+03  
7.08971438071E+02  6.43836198857E+00  1.05000000000E+00  -2.99902455224E+03  
7.08971438071E+02  6.43836198857E+00  1.15000000000E+00  -2.79804309395E+03  
7.08971438071E+02  6.43836198857E+00  1.25000000000E+00  -2.60134698068E+03  
7.08971438071E+02  6.43836198857E+00  2.65000000000E+00  2.42244685963E+03  
7.08971438071E+02  6.43836198857E+00  2.75000000000E+00  2.89251159197E+03  
7.08971438071E+02  6.43836198857E+00  3.85000000000E+00  9.35071456578E+03  
7.08971438071E+02  6.43836198857E+00  3.95000000000E+00  1.01610731077E+04  
7.10518120810E+02  6.46486374579E+00  -4.45000000000E+00  1.64734211437E+04  
7.10518120810E+02  6.46486374579E+00  -3.45000000000E+00  1.01614864335E+04  
7.10518120810E+02  6.46486374579E+00  -2.45000000000E+00  5.12450358598E+03  
7.10518120810E+02  6.46486374579E+00  -2.35000000000E+00  4.73799592264E+03  
7.10518120810E+02  6.46486374579E+00  -1.35000000000E+00  1.48336932083E+03  
7.10518120810E+02  6.46486374579E+00  1.35000000000E+00  1.48628243527E+03  
7.10518120810E+02  6.46486374579E+00  2.35000000000E+00  4.75479827908E+03  
7.10518120810E+02  6.46486374579E+00  2.45000000000E+00  5.14470669603E+03  
7.10518120810E+02  6.46486374579E+00  3.45000000000E+00  1.00647725511E+04  
7.10518120810E+02  6.46486374579E+00  4.45000000000E+00  1.64368133004E+04  
7.11014943584E+02  6.46032716408E+00  -4.55000000000E+00  1.72443332576E+04  
7.11014943584E+02  6.46032716408E+00  -4.45000000000E+00  1.65480958820E+04  
7.11014943584E+02  6.46032716408E+00  -3.55000000000E+00  1.09452677992E+04  
7.11014943584E+02  6.46032716408E+00  -3.45000000000E+00  1.03611572603E+04  
7.11014943584E+02  6.46032716408E+00  -2.55000000000E+00  5.82143877609E+03  
7.11014943584E+02  6.46032716408E+00  -2.45000000000E+00  5.42037756445E+03  
7.11014943584E+02  6.46032716408E+00  -1.45000000000E+00  2.13605952885E+03  
7.11014943584E+02  6.46032716408E+00  -4.50000000000E-01  5.20573326620E+02  
7.11014943584E+02  6.46032716408E+00  4.50000000000E-01  4.81855462768E+02  
7.11014943584E+02  6.46032716408E+00  1.45000000000E+00  2.10359400109E+03  
7.11014943584E+02  6.46032716408E+00  2.45000000000E+00  5.42222569935E+03  
7.11014943584E+02  6.46032716408E+00  2.55000000000E+00  5.82097561288E+03  
7.11014943584E+02  6.46032716408E+00  3.45000000000E+00  1.03214339702E+04  
7.11014943584E+02  6.46032716408E+00  3.55000000000E+00  1.09207280543E+04  
7.11014943584E+02  6.46032716408E+00  4.45000000000E+00  1.65650666493E+04  
7.11014943584E+02  6.46032716408E+00  4.55000000000E+00  1.72298103553E+04  
7.11511770809E+02  6.45579691786E+00  -4.45000000000E+00  1.65630033989E+04  
7.11511770809E+02  6.45579691786E+00  -3.45000000000E+00  1.03506965761E+04  
7.11511770809E+02  6.45579691786E+00  -2.45000000000E+00  5.46045298271E+03  
7.11511770809E+02  6.45579691786E+00  -1.45000000000E+00  2.12944036439E+03  
7.11511770809E+02  6.45579691786E+00  -4.50000000000E-01  5.00149094080E+02  
7.11511770809E+02  6.45579691786E+00  -3.50000000000E-01  4.33205416944E+02  
7.11511770809E+02  6.45579691786E+00  3.50000000000E-01  4.44450136030E+02  
7.11511770809E+02  6.45579691786E+00  4.50000000000E-01  4.95807488631E+02  
7.11511770809E+02  6.45579691786E+00  1.45000000000E+00  2.09673025116E+03  
7.11511770809E+02  6.45579691786E+00  2.45000000000E+00  5.46663370175E+03  
7.11511770809E+02  6.45579691786E+00  3.45000000000E+00  1.03647614739E+04  
7.11511770809E+02  6.45579691786E+00  4.45000000000E+00  1.65605635295E+04  
7.12008602476E+02  6.45127299393E+00  -4.45000000000E+00  1.64006070039E+04  
7.12008602476E+02  6.45127299393E+00  -3.45000000000E+00  9.99952932211E+03  
7.12008602476E+02  6.45127299393E+00  -3.35000000000E+00  9.43370879232E+03  
7.12008602476E+02  6.45127299393E+00  -2.35000000000E+00  4.61018475064E+03  
7.12008602476E+02  6.45127299393E+00  -1.25000000000E+00  1.19324101331E+03  
7.12008602476E+02  6.45127299393E+00  1.25000000000E+00  1.19790310791E+03  
7.12008602476E+02  6.45127299393E+00  2.35000000000E+00  4.59049117137E+03  
7.12008602476E+02  6.45127299393E+00  3.35000000000E+00  9.41682749437E+03  
7.12008602476E+02  6.45127299393E+00  3.45000000000E+00  9.98240306152E+03  
7.12008602476E+02  6.45127299393E+00  4.45000000000E+00  1.63872330344E+04  
7.12505438576E+02  6.44675537910E+00  -4.35000000000E+00  1.52770490807E+04  
7.12505438576E+02  6.44675537910E+00  -4.25000000000E+00  1.44896536259E+04  
7.12505438576E+02  6.44675537910E+00  -3.25000000000E+00  8.15200825236E+03  
7.12505438576E+02  6.44675537910E+00  -2.15000000000E+00  2.94915210749E+03  
7.12505438576E+02  6.44675537910E+00  -8.50000000000E-01  -4.48695422504E+02  
7.12505438576E+02  6.44675537910E+00  -7.50000000000E-01  -6.12413930102E+02  
7.12505438576E+02  6.44675537910E+00  -6.50000000000E-01  -7.32356359429E+02  
7.12505438576E+02  6.44675537910E+00  6.50000000000E-01  -6.96798010401E+02  
7.12505438576E+02  6.44675537910E+00  7.50000000000E-01  -5.45741043562E+02  
7.12505438576E+02  6.44675537910E+00  8.50000000000E-01  -3.93420340408E+02  
7.12505438576E+02  6.44675537910E+00  2.15000000000E+00  2.94277868863E+03  
7.12505438576E+02  6.44675537910E+00  3.25000000000E+00  8.05936757987E+03  
7.12505438576E+02  6.44675537910E+00  4.25000000000E+00  1.45237752057E+04  
7.12505438576E+02  6.44675537910E+00  4.35000000000E+00  1.52458992909E+04  
7.13002279099E+02  6.44224406026E+00  -4.15000000000E+00  1.29031259721E+04  
7.13002279099E+02  6.44224406026E+00  -3.05000000000E+00  5.74581782583E+03  
7.13002279099E+02  6.44224406026E+00  -2.95000000000E+00  5.16801584975E+03  
7.13002279099E+02  6.44224406026E+00  -1.75000000000E+00  1.84542000260E+02  
7.13002279099E+02  6.44224406026E+00  -1.65000000000E+00  -1.24975286692E+02  
7.13002279099E+02  6.44224406026E+00  1.65000000000E+00  -1.21317130290E+02  
7.13002279099E+02  6.44224406026E+00  1.75000000000E+00  1.63606537302E+02  
7.13002279099E+02  6.44224406026E+00  2.95000000000E+00  5.15465572511E+03  
7.13002279099E+02  6.44224406026E+00  3.05000000000E+00  5.69210542579E+03  
7.13002279099E+02  6.44224406026E+00  4.15000000000E+00  1.27150873408E+04  
7.13499124036E+02  6.43773902430E+00  -3.85000000000E+00  9.12967931919E+03  
7.13499124036E+02  6.43773902430E+00  -2.65000000000E+00  2.00474623027E+03  
7.13499124036E+02  6.43773902430E+00  -1.05000000000E+00  -3.23831536127E+03  
7.13499124036E+02  6.43773902430E+00  -9.50000000000E-01  -3.40454636781E+03  
7.13499124036E+02  6.43773902430E+00  -8.50000000000E-01  -3.57077737436E+03  
7.13499124036E+02  6.43773902430E+00  8.50000000000E-01  -3.62973334047E+03  
7.13499124036E+02  6.43773902430E+00  9.50000000000E-01  -3.44821413434E+03  
7.13499124036E+02  6.43773902430E+00  1.05000000000E+00  -3.26669492822E+03  
7.13499124036E+02  6.43773902430E+00  2.65000000000E+00  1.93035568926E+03  
7.13499124036E+02  6.43773902430E+00  3.85000000000E+00  9.08402245272E+03  
7.15045802729E+02  6.46407431938E+00  -2.45000000000E+00  -7.31946171412E+03  
7.15045802729E+02  6.46407431938E+00  -2.35000000000E+00  -7.84084492160E+03  
7.15045802729E+02  6.46407431938E+00  -2.25000000000E+00  -8.29516826620E+03  
7.15045802729E+02  6.46407431938E+00  2.25000000000E+00  -8.22437686176E+03  
7.15045802729E+02  6.46407431938E+00  2.35000000000E+00  -7.82692946291E+03  
7.15045802729E+02  6.46407431938E+00  2.45000000000E+00  -7.29246650847E+03  
7.15542626263E+02  6.45956699156E+00  -1.35000000000E+00  -1.47597979188E+04  
7.15542626263E+02  6.45956699156E+00  -1.25000000000E+00  -1.49350481409E+04  
7.15542626263E+02  6.45956699156E+00  -1.15000000000E+00  -1.51102983630E+04  
7.15542626263E+02  6.45956699156E+00  -1.05000000000E+00  -1.52050327415E+04  
7.15542626263E+02  6.45956699156E+00  -9.50000000000E-01  -1.52725649498E+04  
7.15542626263E+02  6.45956699156E+00  9.50000000000E-01  -1.52202940071E+04  
7.15542626263E+02  6.45956699156E+00  1.05000000000E+00  -1.51250621281E+04  
7.15542626263E+02  6.45956699156E+00  1.15000000000E+00  -1.50308204874E+04  
7.15542626263E+02  6.45956699156E+00  1.25000000000E+00  -1.49365788467E+04  
7.15542626263E+02  6.45956699156E+00  1.35000000000E+00  -1.48423372061E+04  
