7.06984087515E+02  6.45653728010E+00  -1.75000000000E+00  -1.24011351527E+04  
7.06984087515E+02  6.45653728010E+00  -1.65000000000E+00  -1.27283996683E+04  
7.06984087515E+02  6.45653728010E+00  -1.55000000000E+00  -1.30003620522E+04  
7.06984087515E+02  6.45653728010E+00  -1.45000000000E+00  -1.32120963438E+04  
7.06984087515E+02  6.45653728010E+00  -1.35000000000E+00  -1.34207746723E+04  
7.06984087515E+02  6.45653728010E+00  1.35000000000E+00  -1.35571563421E+04  
7.06984087515E+02  6.45653728010E+00  1.45000000000E+00  -1.33965918113E+04  
7.06984087515E+02  6.45653728010E+00  1.55000000000E+00  -1.31695908191E+04  
7.06984087515E+02  6.45653728010E+00  1.65000000000E+00  -1.29610539078E+04  
7.06984087515E+02  6.45653728010E+00  1.75000000000E+00  -1.26950662341E+04  
7.07480918471E+02  6.45198388437E+00  -2.65000000000E+00  -4.85460446737E+03  
7.07480918471E+02  6.45198388437E+00  -2.55000000000E+00  -5.41195473470E+03  
7.07480918471E+02  6.45198388437E+00  -2.45000000000E+00  -5.86113856087E+03  
7.07480918471E+02  6.45198388437E+00  -1.65000000000E+00  -9.04957246177E+03  
7.07480918471E+02  6.45198388437E+00  -1.55000000000E+00  -9.27890063357E+03  
7.07480918471E+02  6.45198388437E+00  -1.45000000000E+00  -9.50822880536E+03  
7.07480918471E+02  6.45198388437E+00  -1.35000000000E+00  -9.73755697716E+03  
7.07480918471E+02  6.45198388437E+00  -1.25000000000E+00  -9.96899873008E+03  
7.07480918471E+02  6.45198388437E+00  1.25000000000E+00  -1.04246500112E+04  
7.07480918471E+02  6.45198388437E+00  1.35000000000E+00  -1.02303402565E+04  
7.07480918471E+02  6.45198388437E+00  1.45000000000E+00  -1.00025475732E+04  
7.07480918471E+02  6.45198388437E+00  1.55000000000E+00  -9.72298503468E+03  
7.07480918471E+02  6.45198388437E+00  1.65000000000E+00  -9.39492623083E+03  
7.07480918471E+02  6.45198388437E+00  2.45000000000E+00  -6.56379686695E+03  
7.07480918471E+02  6.45198388437E+00  2.55000000000E+00  -6.13660216098E+03  
7.07480918471E+02  6.45198388437E+00  2.65000000000E+00  -5.70791209881E+03  
7.07977753888E+02  6.44743687946E+00  -3.25000000000E+00  1.56277797628E+03  
7.07977753888E+02  6.44743687946E+00  -3.15000000000E+00  1.00754867466E+03  
7.07977753888E+02  6.44743687946E+00  -3.05000000000E+00  4.53408039737E+02  
7.07977753888E+02  6.44743687946E+00  -2.45000000000E+00  -2.70070665860E+03  
7.07977753888E+02  6.44743687946E+00  -2.35000000000E+00  -3.09912774036E+03  
7.07977753888E+02  6.44743687946E+00  -2.25000000000E+00  -3.50081911541E+03  
7.07977753888E+02  6.44743687946E+00  -1.55000000000E+00  -6.04699045961E+03  
7.07977753888E+02  6.44743687946E+00  -1.45000000000E+00  -6.34368005951E+03  
7.07977753888E+02  6.44743687946E+00  -1.35000000000E+00  -6.64036965940E+03  
7.07977753888E+02  6.44743687946E+00  -1.25000000000E+00  -6.93705925930E+03  
7.07977753888E+02  6.44743687946E+00  -1.15000000000E+00  -7.23374885920E+03  
7.07977753888E+02  6.44743687946E+00  1.15000000000E+00  -7.41750456904E+03  
7.07977753888E+02  6.44743687946E+00  1.25000000000E+00  -7.20281152615E+03  
7.07977753888E+02  6.44743687946E+00  1.35000000000E+00  -6.98811848326E+03  
7.07977753888E+02  6.44743687946E+00  1.45000000000E+00  -6.79058074817E+03  
7.07977753888E+02  6.44743687946E+00  1.55000000000E+00  -6.60233288948E+03  
7.07977753888E+02  6.44743687946E+00  2.25000000000E+00  -4.56200983295E+03  
7.07977753888E+02  6.44743687946E+00  2.35000000000E+00  -4.14077452410E+03  
7.07977753888E+02  6.44743687946E+00  2.45000000000E+00  -3.67311557122E+03  
7.07977753888E+02  6.44743687946E+00  3.05000000000E+00  -8.08191668844E+02  
7.07977753888E+02  6.44743687946E+00  3.15000000000E+00  -1.80119897075E+02  
7.07977753888E+02  6.44743687946E+00  3.25000000000E+00  4.46993206937E+02  
7.08474593758E+02  6.44289625198E+00  -3.65000000000E+00  7.04844496005E+03  
7.08474593758E+02  6.44289625198E+00  -3.55000000000E+00  6.31204898512E+03  
7.08474593758E+02  6.44289625198E+00  -3.05000000000E+00  3.06729275673E+03  
7.08474593758E+02  6.44289625198E+00  -2.95000000000E+00  2.53709565096E+03  
7.08474593758E+02  6.44289625198E+00  -2.85000000000E+00  1.96053581040E+03  
7.08474593758E+02  6.44289625198E+00  -2.35000000000E+00  -5.17491363457E+02  
7.08474593758E+02  6.44289625198E+00  -2.25000000000E+00  -9.22309825673E+02  
7.08474593758E+02  6.44289625198E+00  -2.15000000000E+00  -1.32712828789E+03  
7.08474593758E+02  6.44289625198E+00  -2.05000000000E+00  -1.73194675011E+03  
7.08474593758E+02  6.44289625198E+00  -1.45000000000E+00  -3.62015959354E+03  
7.08474593758E+02  6.44289625198E+00  -1.35000000000E+00  -3.89555224120E+03  
7.08474593758E+02  6.44289625198E+00  -1.25000000000E+00  -4.17094488887E+03  
7.08474593758E+02  6.44289625198E+00  -1.15000000000E+00  -4.44633753654E+03  
7.08474593758E+02  6.44289625198E+00  -1.05000000000E+00  -4.72011031991E+03  
7.08474593758E+02  6.44289625198E+00  1.05000000000E+00  -5.24517984592E+03  
7.08474593758E+02  6.44289625198E+00  1.15000000000E+00  -5.03803717230E+03  
7.08474593758E+02  6.44289625198E+00  1.25000000000E+00  -4.83089449868E+03  
7.08474593758E+02  6.44289625198E+00  1.35000000000E+00  -4.63678157093E+03  
7.08474593758E+02  6.44289625198E+00  1.45000000000E+00  -4.43324893097E+03  
7.08474593758E+02  6.44289625198E+00  2.05000000000E+00  -2.60781832020E+03  
7.08474593758E+02  6.44289625198E+00  2.15000000000E+00  -2.24017197940E+03  
7.08474593758E+02  6.44289625198E+00  2.25000000000E+00  -1.87998126246E+03  
7.08474593758E+02  6.44289625198E+00  2.35000000000E+00  -1.52866619556E+03  
7.08474593758E+02  6.44289625198E+00  2.85000000000E+00  7.25797161639E+02  
7.08474593758E+02  6.44289625198E+00  2.95000000000E+00  1.20076871619E+03  
7.08474593758E+02  6.44289625198E+00  3.05000000000E+00  1.67574027075E+03  
7.08474593758E+02  6.44289625198E+00  3.55000000000E+00  4.54235027454E+03  
7.08474593758E+02  6.44289625198E+00  3.65000000000E+00  5.13987544708E+03  
7.08971438071E+02  6.43836198857E+00  -3.95000000000E+00  1.12169212143E+04  
7.08971438071E+02  6.43836198857E+00  -3.85000000000E+00  1.05318322361E+04  
7.08971438071E+02  6.43836198857E+00  -3.35000000000E+00  7.11355292180E+03  
7.08971438071E+02  6.43836198857E+00  -3.25000000000E+00  6.47567168745E+03  
7.08971438071E+02  6.43836198857E+00  -2.75000000000E+00  3.54241613771E+03  
7.08971438071E+02  6.43836198857E+00  -2.65000000000E+00  2.97635113021E+03  
7.08971438071E+02  6.43836198857E+00  -2.15000000000E+00  7.40864115005E+02  
7.08971438071E+02  6.43836198857E+00  -2.05000000000E+00  2.94760573876E+02  
7.08971438071E+02  6.43836198857E+00  -1.95000000000E+00  -1.11879625914E+02  
7.08971438071E+02  6.43836198857E+00  -1.25000000000E+00  -2.12017163490E+03  
7.08971438071E+02  6.43836198857E+00  -1.15000000000E+00  -2.32580369042E+03  
7.08971438071E+02  6.43836198857E+00  -1.05000000000E+00  -2.54498872590E+03  
7.08971438071E+02  6.43836198857E+00  -9.50000000000E-01  -2.77528908784E+03  
7.08971438071E+02  6.43836198857E+00  9.50000000000E-01  -3.25060394653E+03  
7.08971438071E+02  6.43836198857E+00  1.05000000000E+00  -3.12498841976E+03  
7.08971438071E+02  6.43836198857E+00  1.15000000000E+00  -2.92173924171E+03  
7.08971438071E+02  6.43836198857E+00  1.25000000000E+00  -2.71212619342E+03  
7.08971438071E+02  6.43836198857E+00  1.95000000000E+00  -9.85266628748E+02  
7.08971438071E+02  6.43836198857E+00  2.05000000000E+00  -6.69574469059E+02  
7.08971438071E+02  6.43836198857E+00  2.15000000000E+00  -3.34001680775E+02  
7.08971438071E+02  6.43836198857E+00  2.65000000000E+00  1.64926071180E+03  
7.08971438071E+02  6.43836198857E+00  2.75000000000E+00  2.08288195941E+03  
7.08971438071E+02  6.43836198857E+00  3.25000000000E+00  4.66911067257E+03  
7.08971438071E+02  6.43836198857E+00  3.35000000000E+00  5.25369025748E+03  
7.08971438071E+02  6.43836198857E+00  3.85000000000E+00  8.25514563136E+03  
7.08971438071E+02  6.43836198857E+00  3.95000000000E+00  8.92315573375E+03  
7.09468286818E+02  6.43383407593E+00  -4.25000000000E+00  1.55020082014E+04  
7.09468286818E+02  6.43383407593E+00  -4.15000000000E+00  1.46152687692E+04  
7.09468286818E+02  6.43383407593E+00  -4.05000000000E+00  1.37285293370E+04  
7.09468286818E+02  6.43383407593E+00  -3.65000000000E+00  1.07088587152E+04  
7.09468286818E+02  6.43383407593E+00  -3.55000000000E+00  1.00203097874E+04  
7.09468286818E+02  6.43383407593E+00  -3.15000000000E+00  7.43385316561E+03  
7.09468286818E+02  6.43383407593E+00  -3.05000000000E+00  6.81385985101E+03  
7.09468286818E+02  6.43383407593E+00  -2.95000000000E+00  6.19496425257E+03  
7.09468286818E+02  6.43383407593E+00  -2.55000000000E+00  4.19500082404E+03  
7.09468286818E+02  6.43383407593E+00  -2.45000000000E+00  3.65226309552E+03  
7.09468286818E+02  6.43383407593E+00  -2.35000000000E+00  3.24939567717E+03  
7.09468286818E+02  6.43383407593E+00  -1.85000000000E+00  1.39838437363E+03  
7.09468286818E+02  6.43383407593E+00  -1.75000000000E+00  1.03252814115E+03  
7.09468286818E+02  6.43383407593E+00  -1.15000000000E+00  -6.62822417224E+02  
7.09468286818E+02  6.43383407593E+00  -1.05000000000E+00  -8.65186086643E+02  
7.09468286818E+02  6.43383407593E+00  -9.50000000000E-01  -1.08401082636E+03  
7.09468286818E+02  6.43383407593E+00  -8.50000000000E-01  -1.31699758942E+03  
7.09468286818E+02  6.43383407593E+00  8.50000000000E-01  -1.72356655507E+03  
7.09468286818E+02  6.43383407593E+00  9.50000000000E-01  -1.56632269092E+03  
7.09468286818E+02  6.43383407593E+00  1.05000000000E+00  -1.40907882677E+03  
7.09468286818E+02  6.43383407593E+00  1.15000000000E+00  -1.27937773579E+03  
7.09468286818E+02  6.43383407593E+00  1.75000000000E+00  5.25347371869E+01  
7.09468286818E+02  6.43383407593E+00  1.85000000000E+00  2.95643320021E+02  
7.09468286818E+02  6.43383407593E+00  2.35000000000E+00  2.05258956629E+03  
7.09468286818E+02  6.43383407593E+00  2.45000000000E+00  2.46638949733E+03  
7.09468286818E+02  6.43383407593E+00  2.55000000000E+00  2.85869488893E+03  
7.09468286818E+02  6.43383407593E+00  2.95000000000E+00  4.56512090184E+03  
7.09468286818E+02  6.43383407593E+00  3.05000000000E+00  5.08084178725E+03  
7.09468286818E+02  6.43383407593E+00  3.15000000000E+00  5.58336449230E+03  
7.09468286818E+02  6.43383407593E+00  3.55000000000E+00  7.83954808324E+03  
7.09468286818E+02  6.43383407593E+00  3.65000000000E+00  8.42607978982E+03  
7.09468286818E+02  6.43383407593E+00  4.05000000000E+00  1.09487396034E+04  
7.09468286818E+02  6.43383407593E+00  4.15000000000E+00  1.16308848132E+04  
7.09468286818E+02  6.43383407593E+00  4.25000000000E+00  1.23130300230E+04  
7.10021302497E+02  6.46940667623E+00  -4.35000000000E+00  1.67621418569E+04  
7.10021302497E+02  6.46940667623E+00  -4.25000000000E+00  1.59896246426E+04  
7.10021302497E+02  6.46940667623E+00  -3.85000000000E+00  1.32136857136E+04  
7.10021302497E+02  6.46940667623E+00  -3.75000000000E+00  1.25250325102E+04  
7.10021302497E+02  6.46940667623E+00  -3.35000000000E+00  9.92792252696E+03  
7.10021302497E+02  6.46940667623E+00  -3.25000000000E+00  9.34286829909E+03  
7.10021302497E+02  6.46940667623E+00  -2.85000000000E+00  7.00303748581E+03  
7.10021302497E+02  6.46940667623E+00  -2.75000000000E+00  6.49907102282E+03  
7.10021302497E+02  6.46940667623E+00  -2.65000000000E+00  6.04640089846E+03  
7.10021302497E+02  6.46940667623E+00  -2.25000000000E+00  4.17800119508E+03  
7.10021302497E+02  6.46940667623E+00  -2.15000000000E+00  3.75876565007E+03  
7.10021302497E+02  6.46940667623E+00  -1.65000000000E+00  2.04384567211E+03  
7.10021302497E+02  6.46940667623E+00  -1.55000000000E+00  1.68288750629E+03  
7.10021302497E+02  6.46940667623E+00  -1.05000000000E+00  4.59746358496E+02  
7.10021302497E+02  6.46940667623E+00  -9.50000000000E-01  2.22773031950E+02  
7.10021302497E+02  6.46940667623E+00  -8.50000000000E-01  -1.42002945961E+01  
7.10021302497E+02  6.46940667623E+00  8.50000000000E-01  -4.80313752027E+02  
7.10021302497E+02  6.46940667623E+00  9.50000000000E-01  -3.07979349253E+02  
7.10021302497E+02  6.46940667623E+00  1.05000000000E+00  -1.35644946478E+02  
7.10021302497E+02  6.46940667623E+00  1.55000000000E+00  8.69443810691E+02  
7.10021302497E+02  6.46940667623E+00  1.65000000000E+00  1.13304879151E+03  
7.10021302497E+02  6.46940667623E+00  2.15000000000E+00  2.59331286961E+03  
7.10021302497E+02  6.46940667623E+00  2.25000000000E+00  2.94486206739E+03  
7.10021302497E+02  6.46940667623E+00  2.65000000000E+00  4.40405299735E+03  
7.10021302497E+02  6.46940667623E+00  2.75000000000E+00  4.85476053159E+03  
7.10021302497E+02  6.46940667623E+00  2.85000000000E+00  5.30546806582E+03  
7.10021302497E+02  6.46940667623E+00  3.25000000000E+00  7.25208198900E+03  
7.10021302497E+02  6.46940667623E+00  3.35000000000E+00  7.81723162016E+03  
7.10021302497E+02  6.46940667623E+00  3.75000000000E+00  1.00778301448E+04  
7.10021302497E+02  6.46940667623E+00  3.85000000000E+00  1.06429797759E+04  
7.10021302497E+02  6.46940667623E+00  4.25000000000E+00  1.32203714041E+04  
7.10021302497E+02  6.46940667623E+00  4.35000000000E+00  1.38787624188E+04  
7.10518120810E+02  6.46486374579E+00  -4.45000000000E+00  1.78429156773E+04  
7.10518120810E+02  6.46486374579E+00  -4.35000000000E+00  1.71262720416E+04  
7.10518120810E+02  6.46486374579E+00  -3.95000000000E+00  1.43426394186E+04  
7.10518120810E+02  6.46486374579E+00  -3.85000000000E+00  1.36903467174E+04  
7.10518120810E+02  6.46486374579E+00  -3.45000000000E+00  1.10837241947E+04  
7.10518120810E+02  6.46486374579E+00  -3.35000000000E+00  1.04986699669E+04  
7.10518120810E+02  6.46486374579E+00  -2.95000000000E+00  8.27603846657E+03  
7.10518120810E+02  6.46486374579E+00  -2.85000000000E+00  7.72391826346E+03  
7.10518120810E+02  6.46486374579E+00  -2.45000000000E+00  5.85323147365E+03  
7.10518120810E+02  6.46486374579E+00  -2.35000000000E+00  5.40908862602E+03  
7.10518120810E+02  6.46486374579E+00  -1.95000000000E+00  3.75646052814E+03  
7.10518120810E+02  6.46486374579E+00  -1.85000000000E+00  3.41753779146E+03  
7.10518120810E+02  6.46486374579E+00  -1.35000000000E+00  1.83119805408E+03  
7.10518120810E+02  6.46486374579E+00  -1.25000000000E+00  1.61762784484E+03  
7.10518120810E+02  6.46486374579E+00  -8.50000000000E-01  7.76847831204E+02  
7.10518120810E+02  6.46486374579E+00  -7.50000000000E-01  5.67511951967E+02  
7.10518120810E+02  6.46486374579E+00  -6.50000000000E-01  4.36922136806E+02  
7.10518120810E+02  6.46486374579E+00  6.50000000000E-01  8.37993899436E+01  
7.10518120810E+02  6.46486374579E+00  7.50000000000E-01  2.24019581980E+02  
7.10518120810E+02  6.46486374579E+00  8.50000000000E-01  3.61663058322E+02  
7.10518120810E+02  6.46486374579E+00  1.25000000000E+00  9.12236963692E+02  
7.10518120810E+02  6.46486374579E+00  1.35000000000E+00  1.04988044003E+03  
7.10518120810E+02  6.46486374579E+00  1.85000000000E+00  2.31671093044E+03  
7.10518120810E+02  6.46486374579E+00  1.95000000000E+00  2.56153880697E+03  
7.10518120810E+02  6.46486374579E+00  2.35000000000E+00  3.97185589558E+03  
7.10518120810E+02  6.46486374579E+00  2.45000000000E+00  4.34109661107E+03  
7.10518120810E+02  6.46486374579E+00  2.85000000000E+00  5.96677787710E+03  
7.10518120810E+02  6.46486374579E+00  2.95000000000E+00  6.41235587932E+03  
7.10518120810E+02  6.46486374579E+00  3.35000000000E+00  8.39212823973E+03  
7.10518120810E+02  6.46486374579E+00  3.45000000000E+00  8.93842131987E+03  
7.10518120810E+02  6.46486374579E+00  3.85000000000E+00  1.11846779811E+04  
7.10518120810E+02  6.46486374579E+00  3.95000000000E+00  1.17521003045E+04  
7.10518120810E+02  6.46486374579E+00  4.35000000000E+00  1.43112688863E+04  
7.10518120810E+02  6.46486374579E+00  4.45000000000E+00  1.49417962085E+04  
7.11014943584E+02  6.46032716408E+00  -4.55000000000E+00  1.85831102279E+04  
7.11014943584E+02  6.46032716408E+00  -4.45000000000E+00  1.78949802312E+04  
7.11014943584E+02  6.46032716408E+00  -4.05000000000E+00  1.51652083613E+04  
7.11014943584E+02  6.46032716408E+00  -3.95000000000E+00  1.45198243545E+04  
7.11014943584E+02  6.46032716408E+00  -3.55000000000E+00  1.19882925002E+04  
7.11014943584E+02  6.46032716408E+00  -3.45000000000E+00  1.13660480428E+04  
7.11014943584E+02  6.46032716408E+00  -3.05000000000E+00  9.10194530274E+03  
7.11014943584E+02  6.46032716408E+00  -2.95000000000E+00  8.57120897001E+03  
7.11014943584E+02  6.46032716408E+00  -2.55000000000E+00  6.56989167654E+03  
7.11014943584E+02  6.46032716408E+00  -2.45000000000E+00  6.12674936972E+03  
7.11014943584E+02  6.46032716408E+00  -2.05000000000E+00  4.39391490840E+03  
7.11014943584E+02  6.46032716408E+00  -1.95000000000E+00  4.06706974190E+03  
7.11014943584E+02  6.46032716408E+00  -1.55000000000E+00  2.78457742991E+03  
7.11014943584E+02  6.46032716408E+00  -1.45000000000E+00  2.47003066831E+03  
7.11014943584E+02  6.46032716408E+00  -1.05000000000E+00  1.54820996749E+03  
7.11014943584E+02  6.46032716408E+00  -9.50000000000E-01  1.34790470713E+03  
7.11014943584E+02  6.46032716408E+00  -5.50000000000E-01  6.59620228413E+02  
7.11014943584E+02  6.46032716408E+00  -4.50000000000E-01  5.92283838480E+02  
7.11014943584E+02  6.46032716408E+00  4.50000000000E-01  3.22585681588E+02  
7.11014943584E+02  6.46032716408E+00  5.50000000000E-01  3.31176938382E+02  
7.11014943584E+02  6.46032716408E+00  9.50000000000E-01  7.81867997933E+02  
7.11014943584E+02  6.46032716408E+00  1.05000000000E+00  9.36022914956E+02  
7.11014943584E+02  6.46032716408E+00  1.45000000000E+00  1.58603128400E+03  
7.11014943584E+02  6.46032716408E+00  1.55000000000E+00  1.84959393329E+03  
7.11014943584E+02  6.46032716408E+00  1.95000000000E+00  2.93367762008E+03  
7.11014943584E+02  6.46032716408E+00  2.05000000000E+00  3.22015249419E+03  
7.11014943584E+02  6.46032716408E+00  2.45000000000E+00  4.66539650043E+03  
7.11014943584E+02  6.46032716408E+00  2.55000000000E+00  5.03794725938E+03  
7.11014943584E+02  6.46032716408E+00  2.95000000000E+00  6.73674202674E+03  
7.11014943584E+02  6.46032716408E+00  3.05000000000E+00  7.20565387155E+03  
7.11014943584E+02  6.46032716408E+00  3.45000000000E+00  9.19450170154E+03  
7.11014943584E+02  6.46032716408E+00  3.55000000000E+00  9.72502327127E+03  
7.11014943584E+02  6.46032716408E+00  3.95000000000E+00  1.19983831876E+04  
7.11014943584E+02  6.46032716408E+00  4.05000000000E+00  1.25682886629E+04  
7.11014943584E+02  6.46032716408E+00  4.45000000000E+00  1.50907168568E+04  
7.11014943584E+02  6.46032716408E+00  4.55000000000E+00  1.57319448405E+04  
7.11511770809E+02  6.45579691786E+00  -4.55000000000E+00  1.85903789050E+04  
7.11511770809E+02  6.45579691786E+00  -4.45000000000E+00  1.78948655050E+04  
7.11511770809E+02  6.45579691786E+00  -4.05000000000E+00  1.51709052639E+04  
7.11511770809E+02  6.45579691786E+00  -3.95000000000E+00  1.45299211458E+04  
7.11511770809E+02  6.45579691786E+00  -3.55000000000E+00  1.20146938581E+04  
7.11511770809E+02  6.45579691786E+00  -3.45000000000E+00  1.13863063032E+04  
7.11511770809E+02  6.45579691786E+00  -3.05000000000E+00  9.12234963658E+03  
7.11511770809E+02  6.45579691786E+00  -2.95000000000E+00  8.58762787287E+03  
7.11511770809E+02  6.45579691786E+00  -2.55000000000E+00  6.57643520188E+03  
7.11511770809E+02  6.45579691786E+00  -2.45000000000E+00  6.12417096187E+03  
7.11511770809E+02  6.45579691786E+00  -2.05000000000E+00  4.43319794970E+03  
7.11511770809E+02  6.45579691786E+00  -1.95000000000E+00  4.08835916543E+03  
7.11511770809E+02  6.45579691786E+00  -1.55000000000E+00  2.80439090562E+03  
7.11511770809E+02  6.45579691786E+00  -1.45000000000E+00  2.48438695809E+03  
7.11511770809E+02  6.45579691786E+00  -1.05000000000E+00  1.54129852940E+03  
7.11511770809E+02  6.45579691786E+00  -9.50000000000E-01  1.35864655747E+03  
7.11511770809E+02  6.45579691786E+00  -8.50000000000E-01  1.17636417030E+03  
7.11511770809E+02  6.45579691786E+00  -4.50000000000E-01  5.37316247609E+02  
7.11511770809E+02  6.45579691786E+00  -3.50000000000E-01  4.46129141331E+02  
7.11511770809E+02  6.45579691786E+00  3.50000000000E-01  2.55127182810E+02  
7.11511770809E+02  6.45579691786E+00  4.50000000000E-01  2.70748360037E+02  
7.11511770809E+02  6.45579691786E+00  8.50000000000E-01  6.27679070474E+02  
7.11511770809E+02  6.45579691786E+00  9.50000000000E-01  7.75495767904E+02  
7.11511770809E+02  6.45579691786E+00  1.05000000000E+00  9.24516150616E+02  
7.11511770809E+02  6.45579691786E+00  1.45000000000E+00  1.59194242030E+03  
7.11511770809E+02  6.45579691786E+00  1.55000000000E+00  1.83122504069E+03  
7.11511770809E+02  6.45579691786E+00  1.95000000000E+00  2.98033982555E+03  
7.11511770809E+02  6.45579691786E+00  2.05000000000E+00  3.26825543654E+03  
7.11511770809E+02  6.45579691786E+00  2.45000000000E+00  4.66314993064E+03  
7.11511770809E+02  6.45579691786E+00  2.55000000000E+00  5.06954077161E+03  
7.11511770809E+02  6.45579691786E+00  2.95000000000E+00  6.70164987317E+03  
7.11511770809E+02  6.45579691786E+00  3.05000000000E+00  7.16511624451E+03  
7.11511770809E+02  6.45579691786E+00  3.45000000000E+00  9.21197883024E+03  
7.11511770809E+02  6.45579691786E+00  3.55000000000E+00  9.73471920455E+03  
7.11511770809E+02  6.45579691786E+00  3.95000000000E+00  1.20000399151E+04  
7.11511770809E+02  6.45579691786E+00  4.05000000000E+00  1.25791870245E+04  
7.11511770809E+02  6.45579691786E+00  4.45000000000E+00  1.50908759056E+04  
7.11511770809E+02  6.45579691786E+00  4.55000000000E+00  1.57286997433E+04  
7.12008602476E+02  6.45127299393E+00  -4.45000000000E+00  1.77576272493E+04  
7.12008602476E+02  6.45127299393E+00  -4.35000000000E+00  1.70378631870E+04  
7.12008602476E+02  6.45127299393E+00  -3.95000000000E+00  1.42383136274E+04  
7.12008602476E+02  6.45127299393E+00  -3.85000000000E+00  1.35583029099E+04  
7.12008602476E+02  6.45127299393E+00  -3.45000000000E+00  1.09898984505E+04  
7.12008602476E+02  6.45127299393E+00  -3.35000000000E+00  1.03848107404E+04  
7.12008602476E+02  6.45127299393E+00  -2.95000000000E+00  8.11249071184E+03  
7.12008602476E+02  6.45127299393E+00  -2.85000000000E+00  7.58202625836E+03  
7.12008602476E+02  6.45127299393E+00  -2.45000000000E+00  5.63191012789E+03  
7.12008602476E+02  6.45127299393E+00  -2.35000000000E+00  5.18784111176E+03  
7.12008602476E+02  6.45127299393E+00  -1.85000000000E+00  3.22600046993E+03  
7.12008602476E+02  6.45127299393E+00  -1.75000000000E+00  2.88334824157E+03  
7.12008602476E+02  6.45127299393E+00  -1.35000000000E+00  1.68875462034E+03  
7.12008602476E+02  6.45127299393E+00  -1.25000000000E+00  1.43411003807E+03  
7.12008602476E+02  6.45127299393E+00  -1.15000000000E+00  1.19706698503E+03  
7.12008602476E+02  6.45127299393E+00  -6.50000000000E-01  2.73903999006E+02  
7.12008602476E+02  6.45127299393E+00  -5.50000000000E-01  1.41779023899E+02  
7.12008602476E+02  6.45127299393E+00  -4.50000000000E-01  2.71224544115E+01  
7.12008602476E+02  6.45127299393E+00  4.50000000000E-01  -2.27687467703E+02  
7.12008602476E+02  6.45127299393E+00  5.50000000000E-01  -1.69298418663E+02  
7.12008602476E+02  6.45127299393E+00  6.50000000000E-01  -9.34190914562E+01  
7.12008602476E+02  6.45127299393E+00  1.15000000000E+00  5.39757869166E+02  
7.12008602476E+02  6.45127299393E+00  1.25000000000E+00  7.17021407550E+02  
7.12008602476E+02  6.45127299393E+00  1.35000000000E+00  9.11653241249E+02  
7.12008602476E+02  6.45127299393E+00  1.75000000000E+00  1.86281046276E+03  
7.12008602476E+02  6.45127299393E+00  1.85000000000E+00  2.14059420915E+03  
7.12008602476E+02  6.45127299393E+00  2.35000000000E+00  3.78217069927E+03  
7.12008602476E+02  6.45127299393E+00  2.45000000000E+00  4.16098240492E+03  
7.12008602476E+02  6.45127299393E+00  2.85000000000E+00  5.83022339242E+03  
7.12008602476E+02  6.45127299393E+00  2.95000000000E+00  6.28577530846E+03  
7.12008602476E+02  6.45127299393E+00  3.35000000000E+00  8.26476447818E+03  
7.12008602476E+02  6.45127299393E+00  3.45000000000E+00  8.79870714701E+03  
7.12008602476E+02  6.45127299393E+00  3.85000000000E+00  1.10686873727E+04  
7.12008602476E+02  6.45127299393E+00  3.95000000000E+00  1.16672749875E+04  
7.12008602476E+02  6.45127299393E+00  4.35000000000E+00  1.41846486214E+04  
7.12008602476E+02  6.45127299393E+00  4.45000000000E+00  1.48429030315E+04  
7.12505438576E+02  6.44675537910E+00  -4.35000000000E+00  1.66498612607E+04  
7.12505438576E+02  6.44675537910E+00  -4.25000000000E+00  1.58192681471E+04  
7.12505438576E+02  6.44675537910E+00  -3.85000000000E+00  1.29315304247E+04  
7.12505438576E+02  6.44675537910E+00  -3.75000000000E+00  1.22177320516E+04  
7.12505438576E+02  6.44675537910E+00  -3.35000000000E+00  9.60083418444E+03  
7.12505438576E+02  6.44675537910E+00  -3.25000000000E+00  8.99141583480E+03  
7.12505438576E+02  6.44675537910E+00  -3.15000000000E+00  8.38713985436E+03  
7.12505438576E+02  6.44675537910E+00  -2.75000000000E+00  6.19333463546E+03  
7.12505438576E+02  6.44675537910E+00  -2.65000000000E+00  5.68394189869E+03  
7.12505438576E+02  6.44675537910E+00  -2.15000000000E+00  3.43270740610E+03  
7.12505438576E+02  6.44675537910E+00  -2.05000000000E+00  3.05941136638E+03  
7.12505438576E+02  6.44675537910E+00  -1.55000000000E+00  1.25206383314E+03  
7.12505438576E+02  6.44675537910E+00  -1.45000000000E+00  9.63856753743E+02  
7.12505438576E+02  6.44675537910E+00  -8.50000000000E-01  -3.83350377361E+02  
7.12505438576E+02  6.44675537910E+00  -7.50000000000E-01  -5.77775879932E+02  
7.12505438576E+02  6.44675537910E+00  -6.50000000000E-01  -7.21499662706E+02  
7.12505438576E+02  6.44675537910E+00  -5.50000000000E-01  -8.43853278451E+02  
7.12505438576E+02  6.44675537910E+00  5.50000000000E-01  -1.12346172291E+03  
7.12505438576E+02  6.44675537910E+00  6.50000000000E-01  -1.00728481531E+03  
7.12505438576E+02  6.44675537910E+00  7.50000000000E-01  -8.90371802066E+02  
7.12505438576E+02  6.44675537910E+00  8.50000000000E-01  -7.72722683185E+02  
7.12505438576E+02  6.44675537910E+00  1.45000000000E+00  2.19285926617E+02  
7.12505438576E+02  6.44675537910E+00  1.55000000000E+00  4.67270350234E+02  
7.12505438576E+02  6.44675537910E+00  2.05000000000E+00  1.80378313698E+03  
7.12505438576E+02  6.44675537910E+00  2.15000000000E+00  2.15790037904E+03  
7.12505438576E+02  6.44675537910E+00  2.65000000000E+00  4.10511727487E+03  
7.12505438576E+02  6.44675537910E+00  2.75000000000E+00  4.51995582010E+03  
7.12505438576E+02  6.44675537910E+00  3.15000000000E+00  6.45392688689E+03  
7.12505438576E+02  6.44675537910E+00  3.25000000000E+00  6.95661606140E+03  
7.12505438576E+02  6.44675537910E+00  3.35000000000E+00  7.46254186327E+03  
7.12505438576E+02  6.44675537910E+00  3.75000000000E+00  9.77552082827E+03  
7.12505438576E+02  6.44675537910E+00  3.85000000000E+00  1.03709897754E+04  
7.12505438576E+02  6.44675537910E+00  4.25000000000E+00  1.30121374320E+04  
7.12505438576E+02  6.44675537910E+00  4.35000000000E+00  1.36939233100E+04  
7.13002279099E+02  6.44224406026E+00  -4.15000000000E+00  1.40147097252E+04  
7.13002279099E+02  6.44224406026E+00  -4.05000000000E+00  1.32993068249E+04  
7.13002279099E+02  6.44224406026E+00  -3.65000000000E+00  1.03293086836E+04  
7.13002279099E+02  6.44224406026E+00  -3.55000000000E+00  9.57716341445E+03  
7.13002279099E+02  6.44224406026E+00  -3.05000000000E+00  6.41474908182E+03  
7.13002279099E+02  6.44224406026E+00  -2.95000000000E+00  5.78387217899E+03  
7.13002279099E+02  6.44224406026E+00  -2.45000000000E+00  3.27273121493E+03  
7.13002279099E+02  6.44224406026E+00  -2.35000000000E+00  2.79109112892E+03  
7.13002279099E+02  6.44224406026E+00  -1.85000000000E+00  8.21708644948E+02  
7.13002279099E+02  6.44224406026E+00  -1.75000000000E+00  4.72708189100E+02  
7.13002279099E+02  6.44224406026E+00  -1.65000000000E+00  1.23707733251E+02  
7.13002279099E+02  6.44224406026E+00  -1.05000000000E+00  -1.44179988087E+03  
7.13002279099E+02  6.44224406026E+00  -9.50000000000E-01  -1.66073924583E+03  
7.13002279099E+02  6.44224406026E+00  -8.50000000000E-01  -1.87967861080E+03  
7.13002279099E+02  6.44224406026E+00  -7.50000000000E-01  -2.09861797577E+03  
7.13002279099E+02  6.44224406026E+00  -6.50000000000E-01  -2.22670477110E+03  
7.13002279099E+02  6.44224406026E+00  6.50000000000E-01  -2.50883797391E+03  
7.13002279099E+02  6.44224406026E+00  7.50000000000E-01  -2.38075575662E+03  
7.13002279099E+02  6.44224406026E+00  8.50000000000E-01  -2.24339633773E+03  
7.13002279099E+02  6.44224406026E+00  9.50000000000E-01  -2.10081720999E+03  
7.13002279099E+02  6.44224406026E+00  1.05000000000E+00  -1.95823808224E+03  
7.13002279099E+02  6.44224406026E+00  1.65000000000E+00  -7.24279359461E+02  
7.13002279099E+02  6.44224406026E+00  1.75000000000E+00  -4.51822129538E+02  
7.13002279099E+02  6.44224406026E+00  1.85000000000E+00  -1.79364899615E+02  
7.13002279099E+02  6.44224406026E+00  2.35000000000E+00  1.51052366796E+03  
7.13002279099E+02  6.44224406026E+00  2.45000000000E+00  1.90263121367E+03  
7.13002279099E+02  6.44224406026E+00  2.95000000000E+00  4.14558557585E+03  
7.13002279099E+02  6.44224406026E+00  3.05000000000E+00  4.64237977100E+03  
7.13002279099E+02  6.44224406026E+00  3.55000000000E+00  7.34195233989E+03  
7.13002279099E+02  6.44224406026E+00  3.65000000000E+00  7.92845757511E+03  
7.13002279099E+02  6.44224406026E+00  4.05000000000E+00  1.05774434049E+04  
7.13002279099E+02  6.44224406026E+00  4.15000000000E+00  1.12633509726E+04  
7.13499124036E+02  6.43773902430E+00  -3.95000000000E+00  1.09508811736E+04  
7.13499124036E+02  6.43773902430E+00  -3.85000000000E+00  1.01659125830E+04  
7.13499124036E+02  6.43773902430E+00  -3.35000000000E+00  6.55889604749E+03  
7.13499124036E+02  6.43773902430E+00  -3.25000000000E+00  5.94515917963E+03  
7.13499124036E+02  6.43773902430E+00  -2.75000000000E+00  2.95027711994E+03  
7.13499124036E+02  6.43773902430E+00  -2.65000000000E+00  2.46695250944E+03  
7.13499124036E+02  6.43773902430E+00  -2.55000000000E+00  1.98362789894E+03  
7.13499124036E+02  6.43773902430E+00  -2.05000000000E+00  -3.10104819343E+02  
7.13499124036E+02  6.43773902430E+00  -1.95000000000E+00  -6.53034076477E+02  
7.13499124036E+02  6.43773902430E+00  -1.85000000000E+00  -9.95963333611E+02  
7.13499124036E+02  6.43773902430E+00  -1.15000000000E+00  -3.03282198764E+03  
7.13499124036E+02  6.43773902430E+00  -1.05000000000E+00  -3.23247524533E+03  
7.13499124036E+02  6.43773902430E+00  -9.50000000000E-01  -3.43212850301E+03  
7.13499124036E+02  6.43773902430E+00  -8.50000000000E-01  -3.63178176069E+03  
7.13499124036E+02  6.43773902430E+00  -7.50000000000E-01  -3.83403347760E+03  
7.13499124036E+02  6.43773902430E+00  7.50000000000E-01  -4.22757131381E+03  
7.13499124036E+02  6.43773902430E+00  8.50000000000E-01  -4.06742554211E+03  
7.13499124036E+02  6.43773902430E+00  9.50000000000E-01  -3.90727977041E+03  
7.13499124036E+02  6.43773902430E+00  1.05000000000E+00  -3.74713399871E+03  
7.13499124036E+02  6.43773902430E+00  1.15000000000E+00  -3.59652206487E+03  
7.13499124036E+02  6.43773902430E+00  1.85000000000E+00  -1.85533997323E+03  
7.13499124036E+02  6.43773902430E+00  1.95000000000E+00  -1.56314810198E+03  
7.13499124036E+02  6.43773902430E+00  2.05000000000E+00  -1.28825241987E+03  
7.13499124036E+02  6.43773902430E+00  2.55000000000E+00  6.99865512079E+02  
7.13499124036E+02  6.43773902430E+00  2.65000000000E+00  1.11180363085E+03  
7.13499124036E+02  6.43773902430E+00  2.75000000000E+00  1.52374174962E+03  
7.13499124036E+02  6.43773902430E+00  3.25000000000E+00  4.17360353030E+03  
7.13499124036E+02  6.43773902430E+00  3.35000000000E+00  4.72653527998E+03  
7.13499124036E+02  6.43773902430E+00  3.85000000000E+00  7.80944888398E+03  
7.13499124036E+02  6.43773902430E+00  3.95000000000E+00  8.45410379845E+03  
7.13995973378E+02  6.43324025817E+00  -3.65000000000E+00  6.30981989515E+03  
7.13995973378E+02  6.43324025817E+00  -3.55000000000E+00  5.56798096786E+03  
7.13995973378E+02  6.43324025817E+00  -3.45000000000E+00  4.93118939844E+03  
7.13995973378E+02  6.43324025817E+00  -2.95000000000E+00  1.85029272024E+03  
7.13995973378E+02  6.43324025817E+00  -2.85000000000E+00  1.23791766686E+03  
7.13995973378E+02  6.43324025817E+00  -2.75000000000E+00  6.78876137981E+02  
7.13995973378E+02  6.43324025817E+00  -2.25000000000E+00  -1.68960936319E+03  
7.13995973378E+02  6.43324025817E+00  -2.15000000000E+00  -2.16330646343E+03  
7.13995973378E+02  6.43324025817E+00  -2.05000000000E+00  -2.62039542632E+03  
7.13995973378E+02  6.43324025817E+00  -1.95000000000E+00  -2.94182042467E+03  
7.13995973378E+02  6.43324025817E+00  -1.25000000000E+00  -5.07517072887E+03  
7.13995973378E+02  6.43324025817E+00  -1.15000000000E+00  -5.28327581861E+03  
7.13995973378E+02  6.43324025817E+00  -1.05000000000E+00  -5.49138090835E+03  
7.13995973378E+02  6.43324025817E+00  -9.50000000000E-01  -5.69948599808E+03  
7.13995973378E+02  6.43324025817E+00  -8.50000000000E-01  -5.90759108782E+03  
7.13995973378E+02  6.43324025817E+00  8.50000000000E-01  -6.27207296563E+03  
7.13995973378E+02  6.43324025817E+00  9.50000000000E-01  -6.11447604165E+03  
7.13995973378E+02  6.43324025817E+00  1.05000000000E+00  -5.95687911767E+03  
7.13995973378E+02  6.43324025817E+00  1.15000000000E+00  -5.79928219370E+03  
7.13995973378E+02  6.43324025817E+00  1.25000000000E+00  -5.64168526972E+03  
7.13995973378E+02  6.43324025817E+00  1.95000000000E+00  -3.79943596360E+03  
7.13995973378E+02  6.43324025817E+00  2.05000000000E+00  -3.46221801845E+03  
7.13995973378E+02  6.43324025817E+00  2.15000000000E+00  -3.03910877918E+03  
7.13995973378E+02  6.43324025817E+00  2.25000000000E+00  -2.61599953991E+03  
7.13995973378E+02  6.43324025817E+00  2.75000000000E+00  -5.59419450028E+02  
7.13995973378E+02  6.43324025817E+00  2.85000000000E+00  -2.17582196476E+00  
7.13995973378E+02  6.43324025817E+00  2.95000000000E+00  5.58813308113E+02  
7.13995973378E+02  6.43324025817E+00  3.45000000000E+00  3.20386036626E+03  
7.13995973378E+02  6.43324025817E+00  3.55000000000E+00  3.82478741774E+03  
7.13995973378E+02  6.43324025817E+00  3.65000000000E+00  4.50049203571E+03  
7.14548983625E+02  6.46858791502E+00  -3.15000000000E+00  -9.82966096019E+01  
7.14548983625E+02  6.46858791502E+00  -3.05000000000E+00  -6.71950917825E+02  
7.14548983625E+02  6.46858791502E+00  -2.95000000000E+00  -1.25927838271E+03  
7.14548983625E+02  6.46858791502E+00  -2.35000000000E+00  -4.44225510326E+03  
7.14548983625E+02  6.46858791502E+00  -2.25000000000E+00  -4.85001051234E+03  
7.14548983625E+02  6.46858791502E+00  -2.15000000000E+00  -5.29599851743E+03  
7.14548983625E+02  6.46858791502E+00  -2.05000000000E+00  -5.77057512018E+03  
7.14548983625E+02  6.46858791502E+00  -1.25000000000E+00  -8.16158609901E+03  
7.14548983625E+02  6.46858791502E+00  -1.15000000000E+00  -8.38296265542E+03  
7.14548983625E+02  6.46858791502E+00  -1.05000000000E+00  -8.63617772973E+03  
7.14548983625E+02  6.46858791502E+00  -9.50000000000E-01  -8.81617627703E+03  
7.14548983625E+02  6.46858791502E+00  -8.50000000000E-01  -8.96269334335E+03  
7.14548983625E+02  6.46858791502E+00  -7.50000000000E-01  -9.08676119056E+03  
7.14548983625E+02  6.46858791502E+00  -6.50000000000E-01  -9.20784001646E+03  
7.14548983625E+02  6.46858791502E+00  6.50000000000E-01  -9.48901941941E+03  
7.14548983625E+02  6.46858791502E+00  7.50000000000E-01  -9.41215249107E+03  
7.14548983625E+02  6.46858791502E+00  8.50000000000E-01  -9.33053075796E+03  
7.14548983625E+02  6.46858791502E+00  9.50000000000E-01  -9.23748197386E+03  
7.14548983625E+02  6.46858791502E+00  1.05000000000E+00  -9.03733070776E+03  
7.14548983625E+02  6.46858791502E+00  1.15000000000E+00  -8.83717944167E+03  
7.14548983625E+02  6.46858791502E+00  1.25000000000E+00  -8.62523791567E+03  
7.14548983625E+02  6.46858791502E+00  2.05000000000E+00  -6.51936546577E+03  
7.14548983625E+02  6.46858791502E+00  2.15000000000E+00  -6.14486108139E+03  
7.14548983625E+02  6.46858791502E+00  2.25000000000E+00  -5.77170523233E+03  
7.14548983625E+02  6.46858791502E+00  2.35000000000E+00  -5.39854938327E+03  
7.14548983625E+02  6.46858791502E+00  2.95000000000E+00  -2.45678269715E+03  
7.14548983625E+02  6.46858791502E+00  3.05000000000E+00  -1.94668595394E+03  
7.14548983625E+02  6.46858791502E+00  3.15000000000E+00  -1.36294099229E+03  
7.15045802729E+02  6.46407431938E+00  -2.45000000000E+00  -7.32755736019E+03  
7.15045802729E+02  6.46407431938E+00  -2.35000000000E+00  -7.80279045835E+03  
7.15045802729E+02  6.46407431938E+00  -2.25000000000E+00  -8.27802355651E+03  
7.15045802729E+02  6.46407431938E+00  -2.15000000000E+00  -8.75325665467E+03  
7.15045802729E+02  6.46407431938E+00  -1.35000000000E+00  -1.13538475720E+04  
7.15045802729E+02  6.46407431938E+00  -1.25000000000E+00  -1.15005327640E+04  
7.15045802729E+02  6.46407431938E+00  -1.15000000000E+00  -1.16413290580E+04  
7.15045802729E+02  6.46407431938E+00  -1.05000000000E+00  -1.17829696690E+04  
7.15045802729E+02  6.46407431938E+00  -9.50000000000E-01  -1.19251553311E+04  
7.15045802729E+02  6.46407431938E+00  -8.50000000000E-01  -1.20803155930E+04  
7.15045802729E+02  6.46407431938E+00  -7.50000000000E-01  -1.22380403026E+04  
7.15045802729E+02  6.46407431938E+00  -6.50000000000E-01  -1.23957650121E+04  
7.15045802729E+02  6.46407431938E+00  6.50000000000E-01  -1.24958425488E+04  
7.15045802729E+02  6.46407431938E+00  7.50000000000E-01  -1.23964566157E+04  
7.15045802729E+02  6.46407431938E+00  8.50000000000E-01  -1.22970706827E+04  
7.15045802729E+02  6.46407431938E+00  9.50000000000E-01  -1.22172606269E+04  
7.15045802729E+02  6.46407431938E+00  1.05000000000E+00  -1.21436804223E+04  
7.15045802729E+02  6.46407431938E+00  1.15000000000E+00  -1.19948844917E+04  
7.15045802729E+02  6.46407431938E+00  1.25000000000E+00  -1.18100268908E+04  
7.15045802729E+02  6.46407431938E+00  1.35000000000E+00  -1.15946871421E+04  
7.15045802729E+02  6.46407431938E+00  2.15000000000E+00  -9.30925794192E+03  
7.15045802729E+02  6.46407431938E+00  2.25000000000E+00  -8.90586015566E+03  
7.15045802729E+02  6.46407431938E+00  2.35000000000E+00  -8.50076674470E+03  
7.15045802729E+02  6.46407431938E+00  2.45000000000E+00  -8.03042815987E+03  
7.15542626263E+02  6.45956699156E+00  -1.45000000000E+00  -1.49189302805E+04  
7.15542626263E+02  6.45956699156E+00  -1.35000000000E+00  -1.50509667088E+04  
7.15542626263E+02  6.45956699156E+00  -1.25000000000E+00  -1.51830031371E+04  
7.15542626263E+02  6.45956699156E+00  -1.15000000000E+00  -1.53150395654E+04  
7.15542626263E+02  6.45956699156E+00  -1.05000000000E+00  -1.54562212939E+04  
7.15542626263E+02  6.45956699156E+00  -9.50000000000E-01  -1.55909820192E+04  
7.15542626263E+02  6.45956699156E+00  -8.50000000000E-01  -1.57195550120E+04  
7.15542626263E+02  6.45956699156E+00  -7.50000000000E-01  -1.58208568661E+04  
7.15542626263E+02  6.45956699156E+00  7.50000000000E-01  -1.58972265270E+04  
7.15542626263E+02  6.45956699156E+00  8.50000000000E-01  -1.58478337360E+04  
7.15542626263E+02  6.45956699156E+00  9.50000000000E-01  -1.57894287809E+04  
7.15542626263E+02  6.45956699156E+00  1.05000000000E+00  -1.56930836467E+04  
7.15542626263E+02  6.45956699156E+00  1.15000000000E+00  -1.55631668803E+04  
7.15542626263E+02  6.45956699156E+00  1.25000000000E+00  -1.54117398240E+04  
7.15542626263E+02  6.45956699156E+00  1.35000000000E+00  -1.52603127678E+04  
7.15542626263E+02  6.45956699156E+00  1.45000000000E+00  -1.51088857115E+04  
