6.76000000000E+02  2.06000000000E+02  -1.90000000000E+00  7.06690880088E+02  1.69477470055E+01  7.47336789561E-01  -6.91377226153E-01  3.27814795619E-01  -3.18046551005E-03  1.62902503519E-02  6.28314150749E+00  2.95793986040E-01
6.76000000000E+02  2.06000000000E+02  1.90000000000E+00  7.06690880088E+02  1.69477470055E+01  7.81432247536E-01  -6.63269125363E-01  -3.53470575628E-01  -3.13281949193E-03  1.62902503519E-02  4.37996944813E-05  2.95793986040E-01
6.77000000000E+02  2.03000000000E+02  -2.10000000000E+00  7.06780022355E+02  1.66914795262E+01  1.72271661024E+00  -1.78857734162E+00  8.96953674504E-01  -7.63223702209E-03  1.62881696035E-02  6.28313690928E+00  2.91321274761E-01
6.77000000000E+02  2.03000000000E+02  2.10000000000E+00  7.06780022355E+02  1.66914795262E+01  1.77035368800E+00  -1.75000458767E+00  -8.90156827816E-01  -7.54093958556E-03  1.62881696035E-02  4.83978997456E-05  2.91321274761E-01
6.77000000000E+02  2.09000000000E+02  -4.10000000000E+00  7.08526640290E+02  1.71562375159E+01  1.85908202371E-01  -2.75273260898E-01  3.23138400814E-01  -1.41358425153E-03  1.62476145413E-02  6.28309128369E+00  2.99432831906E-01
6.77000000000E+02  2.09000000000E+02  4.10000000000E+00  7.08526640290E+02  1.71562375159E+01  1.84358227851E-01  -2.72182721456E-01  -3.23483704745E-01  -1.39834052400E-03  1.62476145413E-02  9.40234944896E-05  2.99432831906E-01
6.78000000000E+02  2.00000000000E+02  -2.30000000000E+00  7.06883300128E+02  1.64352818056E+01  3.97043639766E+00  -4.45975554881E+00  2.41075505341E+00  -1.86982670995E-02  1.62857611058E-02  6.28313231554E+00  2.86849781002E-01
6.78000000000E+02  2.00000000000E+02  2.30000000000E+00  7.06883300128E+02  1.64352818056E+01  4.03515206895E+00  -4.43791630632E+00  -2.35326815701E+00  -1.86217169585E-02  1.62857611058E-02  5.29916414052E-05  2.86849781002E-01
6.79000000000E+02  2.05000000000E+02  -4.50000000000E+00  7.09271457201E+02  1.67998309144E+01  5.31523530824E-01  -9.94174380928E-01  1.46971952298E+00  -3.96542592253E-03  1.62304420685E-02  6.28308232800E+00  2.93212363235E-01
6.79000000000E+02  2.05000000000E+02  4.50000000000E+00  7.09271457201E+02  1.67998309144E+01  5.37670659673E-01  -9.82488913296E-01  -1.51908603235E+00  -3.94206236586E-03  1.62304420685E-02  1.02979184336E-04  2.93212363235E-01
6.80000000000E+02  1.91000000000E+02  -3.00000000000E-01  7.06315085497E+02  1.56891154380E+01  5.82909614494E+01  -6.13565518878E+01  4.73164934948E+00  -2.67164257704E-01  1.62990328443E-02  6.28317838403E+00  2.73826721119E-01
6.80000000000E+02  1.91000000000E+02  3.00000000000E-01  7.06315085497E+02  1.56891154380E+01  5.94606699684E+01  -6.08936561237E+01  -4.09201791696E+00  -2.67153731081E-01  1.62990328443E-02  6.92315151609E-06  2.73826721119E-01
6.80000000000E+02  1.95000000000E+02  -3.10000000000E+00  7.07407237735E+02  1.60010228538E+01  1.44186947510E+01  -1.96170474074E+01  1.49569722125E+01  -8.04051875640E-02  1.62735583633E-02  6.28311399004E+00  2.79270532486E-01
6.80000000000E+02  1.95000000000E+02  3.10000000000E+00  7.07407237735E+02  1.60010228538E+01  1.45642727922E+01  -1.95629552341E+01  -1.47004292739E+01  -8.02124772939E-02  1.62735583633E-02  7.13171352911E-05  2.79270532486E-01
6.80000000000E+02  1.98000000000E+02  -3.90000000000E+00  7.08240072292E+02  1.62343170880E+01  4.93133898333E+00  -8.11817811264E+00  8.71232087398E+00  -3.21663218027E-02  1.62542403488E-02  6.28309579752E+00  2.83342284999E-01
6.80000000000E+02  1.98000000000E+02  3.90000000000E+00  7.08240072292E+02  1.62343170880E+01  4.96188493779E+00  -8.11550629086E+00  -8.68282491161E+00  -3.21381633370E-02  1.62542403488E-02  8.95096610687E-05  2.83342284999E-01
6.80000000000E+02  1.99000000000E+02  -4.10000000000E+00  7.08520289053E+02  1.63119594773E+01  3.48419382151E+00  -6.02493883006E+00  7.00640921217E+00  -2.36619572323E-02  1.62477601830E-02  6.28309128200E+00  2.84697400331E-01
6.80000000000E+02  1.99000000000E+02  4.10000000000E+00  7.08520289053E+02  1.63119594773E+01  3.50402085360E+00  -6.01238630699E+00  -7.00836057097E+00  -2.36032412062E-02  1.62477601830E-02  9.40251802213E-05  2.84697400331E-01
6.82000000000E+02  1.84000000000E+02  -9.00000000000E-01  7.06385164057E+02  1.50986121207E+01  4.20637224419E+02  -4.67794702010E+02  9.22384725633E+01  -2.01016863222E+00  1.62973922715E-02  6.28316454188E+00  2.63520493988E-01
6.82000000000E+02  1.84000000000E+02  9.00000000000E-01  7.06385164057E+02  1.50986121207E+01  4.24960546794E+02  -4.66167599076E+02  -8.86636793545E+01  -2.01062176281E+00  1.62973922715E-02  2.07653035493E-05  2.63520493988E-01
6.82000000000E+02  1.91000000000E+02  -3.90000000000E+00  7.08240778267E+02  1.56453625599E+01  3.61902952578E+01  -6.17550417392E+01  6.62926238560E+01  -2.46345910726E-01  1.62542241469E-02  6.28309579770E+00  2.73063089338E-01
6.82000000000E+02  1.91000000000E+02  3.90000000000E+00  7.08240778267E+02  1.56453625599E+01  3.62433541622E+01  -6.19313164713E+01  -6.61756378971E+01  -2.46795325756E-01  1.62542241469E-02  8.95094826158E-05  2.73063089338E-01
6.84000000000E+02  1.78000000000E+02  -2.10000000000E+00  7.06781437221E+02  1.45867693620E+01  1.96419508419E+03  -2.76635012028E+03  1.30015219142E+03  -1.11914824693E+01  1.62881369962E-02  6.28313690947E+00  2.54587152596E-01
6.84000000000E+02  1.78000000000E+02  2.10000000000E+00  7.06781437221E+02  1.45867693620E+01  1.96194337270E+03  -2.76793071462E+03  -1.27156969964E+03  -1.11787190542E+01  1.62881369962E-02  4.83977059646E-05  2.54587152596E-01
6.85000000000E+02  1.79000000000E+02  -3.70000000000E+00  7.08001412428E+02  1.46447060900E+01  1.09215739587E+03  -1.95004216974E+03  1.90471483269E+03  -7.74537670067E+00  1.62597687008E-02  6.28310033024E+00  2.55598339257E-01
6.85000000000E+02  1.79000000000E+02  3.70000000000E+00  7.08001412428E+02  1.46447060900E+01  1.07666077483E+03  -1.95355700393E+03  -1.89813120958E+03  -7.74568178555E+00  1.62597687008E-02  8.49769423415E-05  2.55598339257E-01
6.85000000000E+02  1.84000000000E+02  -4.50000000000E+00  7.09282031353E+02  1.50354871382E+01  1.94514811039E+02  -4.49482285319E+02  6.08257642108E+02  -1.74353379788E+00  1.62302001099E-02  6.28308233107E+00  2.62418755203E-01
6.85000000000E+02  1.84000000000E+02  4.50000000000E+00  7.09282031353E+02  1.50354871382E+01  1.93946811461E+02  -4.48856095208E+02  -6.10146450299E+02  -1.74494457328E+00  1.62302001099E-02  1.02976113802E-04  2.62418755203E-01
6.85000000000E+02  2.01000000000E+02  -4.10000000000E+00  7.13880942455E+02  1.63533058538E+01  1.14352161965E-01  -5.90031340231E+00  5.97828963639E+00  -2.00520492314E-02  1.61257557611E-02  6.28309268884E+00  2.85419030734E-01
6.85000000000E+02  2.01000000000E+02  4.10000000000E+00  7.13880942455E+02  1.63533058538E+01  9.08258260993E-02  -5.88672594560E+00  -5.95104801132E+00  -1.99485379954E-02  1.61257557611E-02  9.26183348936E-05  2.85419030734E-01
6.85000000000E+02  2.02000000000E+02  -3.90000000000E+00  7.14163146627E+02  1.64302880171E+01  -1.68974328085E-02  -4.71075633404E+00  4.31495590721E+00  -1.58639961066E-02  1.61194343258E-02  6.28309727615E+00  2.86762622949E-01
6.85000000000E+02  2.02000000000E+02  3.90000000000E+00  7.14163146627E+02  1.64302880171E+01  -5.83882901430E-02  -4.69954490694E+00  -4.29911863406E+00  -1.57626183975E-02  1.61194343258E-02  8.80310286969E-05  2.86762622949E-01
6.86000000000E+02  1.71000000000E+02  -2.50000000000E+00  7.06991513386E+02  1.39969324761E+01  1.01082501766E+04  -2.34901591096E+04  1.27792064041E+04  -8.55472031843E+01  1.62832370465E-02  6.28312772531E+00  2.44292556888E-01
6.86000000000E+02  1.71000000000E+02  2.50000000000E+00  7.06991513386E+02  1.39969324761E+01  1.00350971358E+04  -2.35258070525E+04  -1.27419729242E+04  -8.56360413869E+01  1.62832370465E-02  5.75818674033E-05  2.44292556888E-01
6.86000000000E+02  2.03000000000E+02  -2.50000000000E+00  7.15405479431E+02  1.64844531895E+01  -8.03136155936E-01  -4.73041478440E+00  2.07584013535E+00  -1.50734741391E-02  1.60917244162E-02  6.28312907187E+00  2.87707983548E-01
6.86000000000E+02  2.03000000000E+02  2.50000000000E+00  7.15405479431E+02  1.64844531895E+01  -8.92436051681E-01  -4.72667359421E+00  -2.04487049044E+00  -1.49318816424E-02  1.60917244162E-02  5.62353077073E-05  2.87707983548E-01
6.87000000000E+02  1.64000000000E+02  -1.00000000000E-01  7.06303759016E+02  1.34263183057E+01  6.03838035214E+04  -4.83592091648E+05  1.50891057051E+04  -1.15510042331E+03  1.62992968456E-02  6.28318299939E+00  2.34333460855E-01
6.87000000000E+02  1.64000000000E+02  1.00000000000E-01  7.06303759016E+02  1.34263183057E+01  6.26246079237E+04  -4.82084915779E+05  -6.99211376760E+03  -1.15504785300E+03  1.62992968456E-02  2.30779156204E-06  2.34333460855E-01
6.87000000000E+02  1.65000000000E+02  -1.50000000000E+00  7.06536623255E+02  1.35051958372E+01  3.74685988220E+02  -2.73586235452E+05  9.00349107815E+04  -6.98995148088E+02  1.62938514735E-02  6.28315071328E+00  2.35710133486E-01
6.87000000000E+02  1.65000000000E+02  1.50000000000E+00  7.06536623255E+02  1.35051958372E+01  -3.10791308245E+03  -2.75277703015E+05  -8.87824144294E+04  -6.99586670885E+02  1.62938514735E-02  3.45939019818E-05  2.35710133486E-01
6.87000000000E+02  1.94000000000E+02  -4.10000000000E+00  7.13866233968E+02  1.57689999848E+01  5.74507590681E-01  -4.40364149113E+01  4.47947035760E+01  -1.52241210244E-01  1.61260880084E-02  6.28309268503E+00  2.75220969483E-01
6.87000000000E+02  1.94000000000E+02  4.10000000000E+00  7.13866233968E+02  1.57689999848E+01  5.34672430489E-01  -4.40057371461E+01  -4.46613520313E+01  -1.51931435139E-01  1.61260880084E-02  9.26221516681E-05  2.75220969483E-01
6.87000000000E+02  1.96000000000E+02  -3.70000000000E+00  7.14412345918E+02  1.59233633008E+01  -1.01961203218E+00  -2.80942544477E+01  2.33034389233E+01  -9.53683823504E-02  1.61138596754E-02  6.28310184857E+00  2.77915117590E-01
6.87000000000E+02  1.96000000000E+02  3.70000000000E+00  7.14412345918E+02  1.59233633008E+01  -1.10800136171E+00  -2.80177040156E+01  -2.33012718750E+01  -9.48830567398E-02  1.61138596754E-02  8.34586096078E-05  2.77915117590E-01
6.87000000000E+02  2.00000000000E+02  -2.30000000000E+00  7.15520090564E+02  1.62313774514E+01  -2.01047879056E+00  -1.15161972376E+01  4.58745294542E+00  -3.69889476554E-02  1.60891769871E-02  6.28313358717E+00  2.83290978660E-01
6.87000000000E+02  2.00000000000E+02  2.30000000000E+00  7.15520090564E+02  1.62313774514E+01  -2.19604981163E+00  -1.15140136243E+01  -4.56639030139E+00  -3.66810797514E-02  1.60891769871E-02  5.17200063691E-05  2.83290978660E-01
6.87000000000E+02  2.02000000000E+02  -3.00000000000E-01  7.16081699249E+02  1.63850249444E+01  -1.87867955132E+00  -7.22432434432E+00  2.43409313454E-01  -2.26320792006E-02  1.60767213301E-02  6.28317857160E+00  2.85972633301E-01
6.87000000000E+02  2.02000000000E+02  3.00000000000E-01  7.16081699249E+02  1.63850249444E+01  -1.65660121183E+00  -7.18779953923E+00  -5.54181583733E-01  -2.25708416109E-02  1.60767213301E-02  6.73557803121E-06  2.85972633301E-01
6.88000000000E+02  1.60000000000E+02  -7.00000000000E-01  7.06359681749E+02  1.30918930643E+01  1.94702219246E+06  -5.34274677529E+06  5.97262374867E+05  -8.47681937395E+03  1.62979906868E-02  6.28316915521E+00  2.28496639292E-01
6.88000000000E+02  1.60000000000E+02  7.00000000000E-01  7.06359681749E+02  1.30918930643E+01  1.95275828803E+06  -5.44222223739E+06  -5.70461719949E+05  -8.45980458602E+03  1.62979906868E-02  1.61519674038E-05  2.28496639292E-01
6.89000000000E+02  1.58000000000E+02  -2.30000000000E+00  7.06884007458E+02  1.29156384586E+01  -7.87597813685E+06  -2.84089092651E+06  4.75779415078E+06  -1.14297354365E+04  1.62857448094E-02  6.28313231564E+00  2.25420416099E-01
6.89000000000E+02  1.58000000000E+02  2.30000000000E+00  7.06884007458E+02  1.29156384586E+01  -6.06062630966E+06  -2.48900364422E+06  -5.52099571047E+06  -1.13020196967E+04  1.62857448094E-02  5.29915353492E-05  2.25420416099E-01
6.89000000000E+02  1.64000000000E+02  -3.90000000000E+00  7.08249249911E+02  1.33887502373E+01  -2.23244110606E+05  -1.51181538064E+04  2.14063145754E+05  -2.70995025439E+02  1.62540297270E-02  6.28309579984E+00  2.33677774368E-01
6.89000000000E+02  1.64000000000E+02  3.90000000000E+00  7.08249249911E+02  1.33887502373E+01  -2.24697241272E+05  -1.10913064976E+04  -2.16474106974E+05  -2.65354707370E+02  1.62540297270E-02  8.95073412368E-05  2.33677774368E-01
6.89000000000E+02  1.91000000000E+02  -3.10000000000E+00  7.14983915903E+02  1.54940840132E+01  -1.42535321545E+01  -1.32760225759E+02  8.15674245344E+01  -4.46678515893E-01  1.61011066390E-02  6.28311549360E+00  2.70422780610E-01
6.89000000000E+02  1.91000000000E+02  3.10000000000E+00  7.14983915903E+02  1.54940840132E+01  -1.43897077116E+01  -1.32764306990E+02  -8.29823540331E+01  -4.46104550705E-01  1.61011066390E-02  6.98135806681E-05  2.70422780610E-01
6.89000000000E+02  1.93000000000E+02  -2.30000000000E+00  7.15520789356E+02  1.56484152534E+01  -1.35806309608E+01  -8.47909115957E+01  3.49240792382E+01  -2.79670803919E-01  1.60891612738E-02  6.28313358727E+00  2.73116368892E-01
6.89000000000E+02  1.93000000000E+02  2.30000000000E+00  7.15520789356E+02  1.56484152534E+01  -1.42626944409E+01  -8.48585276047E+01  -3.50405459361E+01  -2.78738244555E-01  1.60891612738E-02  5.17199053420E-05  2.73116368892E-01
6.89000000000E+02  1.94000000000E+02  -1.70000000000E+00  7.15791170664E+02  1.57254937778E+01  -1.19472387644E+01  -6.72451797165E+01  1.99256652997E+01  -2.20521082744E-01  1.60831589991E-02  6.28314710812E+00  2.74461642924E-01
6.89000000000E+02  1.94000000000E+02  1.70000000000E+00  7.15791170664E+02  1.57254937778E+01  -1.31448124605E+01  -6.75844593498E+01  -2.04366506860E+01  -2.19575732156E-01  1.60831589991E-02  3.81990588372E-05  2.74461642924E-01
6.90000000000E+02  1.51000000000E+02  -5.00000000000E-01  7.06329243342E+02  1.23440400189E+01  -6.92223955871E+06  -1.51491410668E+06  1.48880209709E+05  -1.93769922617E+04  1.62987009002E-02  6.28317376906E+00  2.15444141328E-01
6.90000000000E+02  1.51000000000E+02  5.00000000000E-01  7.06329243342E+02  1.23440400189E+01  -6.87704900962E+06  -1.50504455780E+06  -1.35584411714E+05  -1.93795967892E+04  1.62987009002E-02  1.15381195685E-05  2.15444141328E-01
6.90000000000E+02  1.52000000000E+02  -1.50000000000E+00  7.06543699993E+02  1.24232583422E+01  -7.85606909272E+06  -1.73129347139E+06  1.42090401270E+06  -1.72318680145E+04  1.62936882686E-02  6.28315071397E+00  2.16826761897E-01
6.90000000000E+02  1.52000000000E+02  1.50000000000E+00  7.06543699993E+02  1.24232583422E+01  -8.05819367382E+06  -1.77582025099E+06  -1.59932171223E+06  -1.72354849957E+04  1.62936882686E-02  3.45932089578E-05  2.16826761897E-01
6.90000000000E+02  1.56000000000E+02  -3.10000000000E+00  7.07415012563E+02  1.27396467925E+01  -5.36261488549E+06  -1.24790910475E+06  5.06097876378E+06  -4.07856570986E+03  1.62733795081E-02  6.28311399161E+00  2.22348782070E-01
6.90000000000E+02  1.56000000000E+02  3.10000000000E+00  7.07415012563E+02  1.27396467925E+01  -5.33818883097E+06  -1.24227293286E+06  -5.07105436046E+06  -4.03551540447E+03  1.62733795081E-02  7.13155676075E-05  2.22348782070E-01
6.90000000000E+02  1.61000000000E+02  -4.10000000000E+00  7.08534402834E+02  1.31340223064E+01  -2.04954212204E+06  1.11384547239E+06  1.40989178392E+06  1.63958079134E+03  1.62474365402E-02  6.28309128575E+00  2.29231933277E-01
6.90000000000E+02  1.61000000000E+02  4.10000000000E+00  7.08534402834E+02  1.31340223064E+01  -2.09219614661E+06  1.13814325356E+06  -1.36416105795E+06  1.66385324173E+03  1.62474365402E-02  9.40214342332E-05  2.29231933277E-01
6.91000000000E+02  1.49000000000E+02  -2.30000000000E+00  7.06881885466E+02  1.21683510622E+01  -7.76176742113E+06  -1.67388089904E+06  4.71186964650E+06  -1.18595561276E+04  1.62857936988E-02  6.28313231533E+00  2.12377790574E-01
6.91000000000E+02  1.49000000000E+02  2.30000000000E+00  7.06881885466E+02  1.21683510622E+01  -6.22007775538E+06  -1.34195561778E+06  -5.39451252256E+06  -1.17790760818E+04  1.62857936988E-02  5.29918535185E-05  2.12377790574E-01
6.91000000000E+02  1.60000000000E+02  -4.50000000000E+00  7.09282031353E+02  1.30369997977E+01  -3.75384911896E+06  4.10098282812E+06  6.55598173511E+06  8.68169519074E+03  1.62302001099E-02  6.28308233107E+00  2.27538571051E-01
6.91000000000E+02  1.60000000000E+02  4.50000000000E+00  7.09282031353E+02  1.30369997977E+01  -4.00914092139E+06  3.92698035179E+06  -7.69682209156E+06  8.44949858789E+03  1.62302001099E-02  1.02976113802E-04  2.27538571051E-01
6.91000000000E+02  1.74000000000E+02  -4.70000000000E+00  7.12570698247E+02  1.41337515077E+01  1.51509816093E+03  -8.24946191174E+03  1.29942082772E+04  -3.30125729460E+01  1.61552384251E-02  6.28307874523E+00  2.46680499469E-01
6.91000000000E+02  1.74000000000E+02  4.70000000000E+00  7.12570698247E+02  1.41337515077E+01  1.50424859646E+03  -8.25477099609E+03  -1.30513529562E+04  -3.30171092697E+01  1.61552384251E-02  1.06561950702E-04  2.46680499469E-01
6.91000000000E+02  1.83000000000E+02  -3.30000000000E+00  7.14821656079E+02  1.48333169036E+01  -1.06129606329E+02  -1.22802145206E+03  8.36580004549E+02  -4.19041789905E+00  1.61047211585E-02  6.28311095594E+00  2.58890218959E-01
6.91000000000E+02  1.83000000000E+02  3.30000000000E+00  7.14821656079E+02  1.48333169036E+01  -1.04430898497E+02  -1.22608409095E+03  -8.50463514687E+02  -4.18509490040E+00  1.61047211585E-02  7.43512410040E-05  2.58890218959E-01
6.91000000000E+02  1.87000000000E+02  -1.50000000000E+00  7.15856130797E+02  1.51428017099E+01  -9.26528033358E+01  -4.95592467302E+02  1.27778562206E+02  -1.64077760658E+00  1.60817195782E-02  6.28315160820E+00  2.64291747815E-01
6.91000000000E+02  1.87000000000E+02  1.50000000000E+00  7.15856130797E+02  1.51428017099E+01  -9.61862217511E+01  -4.94811306008E+02  -1.30182620440E+02  -1.64023889836E+00  1.60817195782E-02  3.36989768165E-05  2.64291747815E-01
6.92000000000E+02  1.70000000000E+02  -4.70000000000E+00  7.12575610023E+02  1.38022252478E+01  6.18543338775E+03  -1.32103450071E+04  3.54647692007E+04  -8.35818594764E+01  1.61551270721E-02  6.28307874670E+00  2.40894274675E-01
6.92000000000E+02  1.70000000000E+02  4.70000000000E+00  7.12575610023E+02  1.38022252478E+01  6.31861666379E+03  -1.31765640007E+04  -3.56894849152E+04  -8.36007464837E+01  1.61551270721E-02  1.06560481615E-04  2.40894274675E-01
6.92000000000E+02  1.74000000000E+02  -4.30000000000E+00  7.13540468369E+02  1.41141438679E+01  1.24090243731E+03  -1.03572969765E+04  1.27574717619E+04  -3.96334104216E+01  1.61333969386E-02  6.28308807847E+00  2.46338281596E-01
6.92000000000E+02  1.74000000000E+02  4.30000000000E+00  7.13540468369E+02  1.41141438679E+01  1.29697446976E+03  -1.03376698744E+04  -1.27654794186E+04  -3.95995099379E+01  1.61333969386E-02  9.72287060957E-05  2.46338281596E-01
6.92000000000E+02  1.81000000000E+02  -2.70000000000E+00  7.15279665585E+02  1.46579433620E+01  -3.07573648204E+02  -2.39730482850E+03  1.24990161948E+03  -8.06745442192E+00  1.60945221979E-02  6.28312455180E+00  2.55829373238E-01
6.92000000000E+02  1.81000000000E+02  2.70000000000E+00  7.15279665585E+02  1.46579433620E+01  -3.02388347256E+02  -2.38998914133E+03  -1.24800440679E+03  -8.04727482229E+00  1.60945221979E-02  6.07553774230E-05  2.55829373238E-01
6.92000000000E+02  1.83000000000E+02  -1.70000000000E+00  7.15788376547E+02  1.48128245713E+01  -2.52183163692E+02  -1.50842203583E+03  4.49375218783E+02  -5.02562649872E+00  1.60832217826E-02  6.28314710782E+00  2.58532560290E-01
6.92000000000E+02  1.83000000000E+02  1.70000000000E+00  7.15788376547E+02  1.48128245713E+01  -2.67649643120E+02  -1.51285029194E+03  -4.56932290794E+02  -5.01858371282E+00  1.60832217826E-02  3.81993570794E-05  2.58532560290E-01
6.92000000000E+02  1.84000000000E+02  -7.00000000000E-01  7.16044691343E+02  1.48901823673E+01  -2.91053709151E+02  -1.20257677744E+03  1.30302132186E+02  -3.95010407185E+00  1.60775397273E-02  6.28316958922E+00  2.59882708532E-01
6.92000000000E+02  1.84000000000E+02  7.00000000000E-01  7.16044691343E+02  1.48901823673E+01  -2.72514801016E+02  -1.20010347388E+03  -1.44286358776E+02  -3.94680380172E+00  1.60775397273E-02  1.57179611830E-05  2.59882708532E-01
6.93000000000E+02  1.38000000000E+02  -1.70000000000E+00  7.06606679844E+02  1.12622257577E+01  -8.18074819119E+06  -1.62984563765E+06  2.23467975525E+06  -1.62976385963E+04  1.62922150753E-02  6.28314610858E+00  1.96562920575E-01
6.93000000000E+02  1.38000000000E+02  1.70000000000E+00  7.06606679844E+02  1.12622257577E+01  -8.29291529581E+06  -1.65262184737E+06  -2.31230647815E+06  -1.62933141838E+04  1.62922150753E-02  3.91985976486E-05  1.96562920575E-01
6.93000000000E+02  1.70000000000E+02  -4.30000000000E+00  7.13546774921E+02  1.37830686597E+01  1.06265873679E+04  -2.03714212259E+04  3.83403040077E+04  -1.07069229864E+02  1.61332543507E-02  6.28308808019E+00  2.40559929140E-01
6.93000000000E+02  1.70000000000E+02  4.30000000000E+00  7.13546774921E+02  1.37830686597E+01  1.06697730958E+04  -2.03838228561E+04  -3.83132167883E+04  -1.07046216469E+02  1.61332543507E-02  9.72269873778E-05  2.40559929140E-01
6.94000000000E+02  1.38000000000E+02  -3.30000000000E+00  7.07587450426E+02  1.12464116802E+01  -5.30680637938E+06  -1.05513554108E+06  4.96609103615E+06  -2.16982394936E+03  1.62693720936E-02  6.28310942780E+00  1.96286912854E-01
6.94000000000E+02  1.38000000000E+02  3.30000000000E+00  7.07587450426E+02  1.12464116802E+01  -5.26359117014E+06  -1.04673513207E+06  -5.00726303511E+06  -2.14356236997E+03  1.62693720936E-02  7.58793792462E-05  1.96286912854E-01
6.94000000000E+02  1.39000000000E+02  -3.50000000000E+00  7.07783158884E+02  1.13258082784E+01  -5.40275128079E+06  -1.08203646706E+06  4.87685839083E+06  -1.61875903353E+02  1.62648293023E-02  6.28310487377E+00  1.97672644908E-01
6.94000000000E+02  1.39000000000E+02  3.50000000000E+00  7.07783158884E+02  1.13258082784E+01  -5.34299460317E+06  -1.07007872943E+06  -4.90782743049E+06  -1.24360970288E+02  1.62648293023E-02  8.04334094269E-05  1.97672644908E-01
6.94000000000E+02  1.49000000000E+02  -4.70000000000E+00  7.09814764569E+02  1.21173078107E+01  -1.38666800821E+06  -2.97275040209E+05  8.46480915633E+06  1.75945897651E+04  1.62179601644E-02  6.28307791613E+00  2.11486917774E-01
6.94000000000E+02  1.49000000000E+02  4.70000000000E+00  7.09814764569E+02  1.21173078107E+01  -1.40949699648E+06  -3.02005790784E+05  -8.00564267667E+06  1.76436530269E+04  1.62179601644E-02  1.07391052174E-04  2.11486917774E-01
6.94000000000E+02  1.64000000000E+02  -4.50000000000E+00  7.13114296589E+02  1.32957270086E+01  1.88511463124E+05  6.25554914447E+05  1.75933257265E+05  4.65559061424E+02  1.61429824323E-02  6.28308343490E+00  2.32054212746E-01
6.94000000000E+02  1.64000000000E+02  4.50000000000E+00  7.13114296589E+02  1.32957270086E+01  1.97698007237E+05  6.58757048809E+05  -2.25648137837E+05  4.67782365976E+02  1.61429824323E-02  1.01872275672E-04  2.32054212746E-01
6.94000000000E+02  1.76000000000E+02  -1.10000000000E+00  7.15969273084E+02  1.42303341195E+01  -1.60283563395E+03  -1.18662743361E+04  2.14425641898E+03  -3.88866047369E+01  1.60792107746E-02  6.28316060236E+00  2.48366184045E-01
6.94000000000E+02  1.76000000000E+02  1.10000000000E+00  7.15969273084E+02  1.42303341195E+01  -1.51513840549E+03  -1.18895297792E+04  -2.19621983029E+03  -3.88913299821E+01  1.60792107746E-02  2.47048227769E-05  2.48366184045E-01
6.95000000000E+02  1.26000000000E+02  -5.00000000000E-01  7.06329243342E+02  1.02758249291E+01  -6.96768074691E+06  -1.26327092144E+06  1.49418893038E+05  -1.93783141255E+04  1.62987009002E-02  6.28317376906E+00  1.79346978372E-01
6.95000000000E+02  1.26000000000E+02  5.00000000000E-01  7.06329243342E+02  1.02758249291E+01  -6.92087654085E+06  -1.25492337565E+06  -1.30289321182E+05  -1.93808079530E+04  1.62987009002E-02  1.15381195685E-05  1.79346978372E-01
6.95000000000E+02  1.28000000000E+02  -1.90000000000E+00  7.06688757516E+02  1.04353770658E+01  -8.57663532985E+06  -1.58035803059E+06  3.66173673861E+06  -1.49783634531E+04  1.62902992819E-02  6.28314150722E+00  1.82131688485E-01
6.95000000000E+02  1.28000000000E+02  1.90000000000E+00  7.06688757516E+02  1.04353770658E+01  -7.85830410520E+06  -1.44874507203E+06  -3.46529279698E+06  -1.48220145018E+04  1.62902992819E-02  4.37999576060E-05  1.82131688485E-01
6.95000000000E+02  1.35000000000E+02  -3.70000000000E+00  7.07990112925E+02  1.09925075803E+01  -5.47507856136E+06  -1.06350432339E+06  5.01690612432E+06  1.95337812914E+03  1.62600282035E-02  6.28310032752E+00  1.91855450326E-01
6.95000000000E+02  1.35000000000E+02  3.70000000000E+00  7.07990112925E+02  1.09925075803E+01  -5.51942813381E+06  -1.07198830218E+06  -4.98816177211E+06  2.03299519292E+03  1.62600282035E-02  8.49796549277E-05  1.91855450326E-01
6.95000000000E+02  1.72000000000E+02  -1.10000000000E+00  7.15967178019E+02  1.39003797468E+01  1.74461560338E+03  -4.17216350020E+04  7.88490943366E+03  -1.31269413425E+02  1.60792578274E-02  6.28316060221E+00  2.42607393859E-01
6.95000000000E+02  1.72000000000E+02  1.10000000000E+00  7.15967178019E+02  1.39003797468E+01  2.16775460495E+03  -4.18160698118E+04  -8.08646111262E+03  -1.31307053839E+02  1.60792578274E-02  2.47049673687E-05  2.42607393859E-01
6.96000000000E+02  1.22000000000E+02  -1.70000000000E+00  7.06611633077E+02  9.94221979480E+00  -8.28445648889E+06  -1.45296100623E+06  2.36507677028E+06  -1.62444210943E+04  1.62921008658E-02  6.28314610913E+00  1.73524470376E-01
6.96000000000E+02  1.22000000000E+02  1.70000000000E+00  7.06611633077E+02  9.94221979480E+00  -8.31412928416E+06  -1.45856796920E+06  -2.38250376129E+06  -1.62605760293E+04  1.62921008658E-02  3.91980480656E-05  1.73524470376E-01
6.96000000000E+02  1.60000000000E+02  -3.90000000000E+00  7.14154045007E+02  1.29465095156E+01  4.76573597423E+06  1.94700092420E+06  4.89429518008E+06  3.68025328646E+03  1.61196397585E-02  6.28309727391E+00  2.25959217689E-01
6.96000000000E+02  1.60000000000E+02  3.90000000000E+00  7.14154045007E+02  1.29465095156E+01  4.85562031428E+06  1.97143495868E+06  -4.91089650183E+06  3.68268395499E+03  1.61196397585E-02  8.80332726336E-05  2.25959217689E-01
6.96000000000E+02  1.66000000000E+02  -2.30000000000E+00  7.15522186938E+02  1.34147543030E+01  2.36023282892E+05  -2.87966089084E+05  2.03927891786E+05  -8.59275849723E+02  1.60891298472E-02  6.28313358748E+00  2.34131630934E-01
6.96000000000E+02  1.66000000000E+02  2.30000000000E+00  7.15522186938E+02  1.34147543030E+01  2.25415968168E+05  -2.89527909231E+05  -2.07104905003E+05  -8.57446687945E+02  1.60891298472E-02  5.17197032891E-05  2.34131630934E-01
6.97000000000E+02  1.20000000000E+02  -2.90000000000E+00  7.07254551063E+02  9.76864261091E+00  -5.92247822537E+06  -1.01957591346E+06  5.12576694932E+06  -6.09391132038E+03  1.62771106764E-02  6.28311856218E+00  1.70494977011E-01
6.97000000000E+02  1.20000000000E+02  2.90000000000E+00  7.07254551063E+02  9.76864261091E+00  -5.61237404277E+06  -9.66498703080E+05  -5.16256397712E+06  -5.95809491850E+03  1.62771106764E-02  6.67450005686E-05  1.70494977011E-01
6.98000000000E+02  1.08000000000E+02  -1.00000000000E-01  7.06305882745E+02  8.79550199590E+00  -6.89715533903E+06  -1.06679901486E+06  4.66699911760E+04  -1.95570740176E+04  1.62992478345E-02  6.28318299940E+00  1.53510469194E-01
6.98000000000E+02  1.08000000000E+02  1.00000000000E-01  7.06305882745E+02  8.79550199590E+00  -6.88164735830E+06  -1.06414307074E+06  2.27419613557E+04  -1.95598815823E+04  1.62992478345E-02  2.30777768295E-06  1.53510469194E-01
6.98000000000E+02  1.10000000000E+02  -1.70000000000E+00  7.06614463481E+02  8.95576499693E+00  -8.33150993404E+06  -1.31305163544E+06  2.40766277378E+06  -1.62159774626E+04  1.62920356042E-02  6.28314610945E+00  1.56307586231E-01
6.98000000000E+02  1.10000000000E+02  1.70000000000E+00  7.06614463481E+02  8.95576499693E+00  -8.32527637164E+06  -1.31212173032E+06  -2.40426134818E+06  -1.62381533583E+04  1.62920356042E-02  3.91977340250E-05  1.56307586231E-01
6.98000000000E+02  1.15000000000E+02  -3.10000000000E+00  7.07410064955E+02  9.35579984967E+00  -5.52287915144E+06  -9.09890315057E+05  5.07133649273E+06  -4.15827842476E+03  1.62734933243E-02  6.28311399061E+00  1.63289511534E-01
6.98000000000E+02  1.15000000000E+02  3.10000000000E+00  7.07410064955E+02  9.35579984967E+00  -5.47679379638E+06  -9.02388756947E+05  -5.02645019308E+06  -4.11250278508E+03  1.62734933243E-02  7.13165652164E-05  1.63289511534E-01
6.98000000000E+02  1.20000000000E+02  -3.90000000000E+00  7.08240072292E+02  9.75491649581E+00  -6.01428793500E+06  -1.03398910412E+06  5.38834992388E+06  4.43309713684E+03  1.62542403488E-02  6.28309579752E+00  1.70255411109E-01
6.98000000000E+02  1.20000000000E+02  3.90000000000E+00  7.08240072292E+02  9.75491649581E+00  -5.89855818443E+06  -1.01403183936E+06  -5.39660662724E+06  4.56626091348E+03  1.62542403488E-02  8.95096610687E-05  1.70255411109E-01
6.98000000000E+02  1.26000000000E+02  -4.50000000000E+00  7.09281326414E+02  1.02325945783E+01  -3.86567800137E+06  -6.95580358457E+05  8.11227380743E+06  1.45897262445E+04  1.62302162401E-02  6.28308233086E+00  1.78592466413E-01
6.98000000000E+02  1.26000000000E+02  4.50000000000E+00  7.09281326414E+02  1.02325945783E+01  -4.12988715507E+06  -7.42993189748E+05  -7.95812001721E+06  1.44450772843E+04  1.62302162401E-02  1.02976318498E-04  1.78592466413E-01
6.98000000000E+02  1.29000000000E+02  -4.70000000000E+00  7.09820399820E+02  1.04708998003E+01  -1.34845811012E+06  -2.48655956647E+05  8.50502477207E+06  1.76049462801E+04  1.62178314160E-02  6.28307791783E+00  1.82751677162E-01
6.98000000000E+02  1.29000000000E+02  4.70000000000E+00  7.09820399820E+02  1.04708998003E+01  -1.39541116109E+06  -2.57081507837E+05  -8.02333425789E+06  1.76554168742E+04  1.62178314160E-02  1.07389346992E-04  1.82751677162E-01
6.99000000000E+02  1.06000000000E+02  -2.50000000000E+00  7.06991513386E+02  8.62293247190E+00  -7.04581838786E+06  -1.06805268894E+06  5.00089799795E+06  -9.98317013985E+03  1.62832370465E-02  6.28312772531E+00  1.50498562812E-01
6.99000000000E+02  1.06000000000E+02  2.50000000000E+00  7.06991513386E+02  8.62293247190E+00  -6.10315251063E+06  -9.24546424587E+05  -5.50248010261E+06  -1.00387640839E+04  1.62832370465E-02  5.75818674033E-05  1.50498562812E-01
6.99000000000E+02  1.14000000000E+02  -3.90000000000E+00  7.08235130448E+02  9.26282517470E+00  -6.02890577291E+06  -9.83189528662E+05  5.37582379973E+06  4.40463600422E+03  1.62543537640E-02  6.28309579627E+00  1.61666797335E-01
6.99000000000E+02  1.14000000000E+02  3.90000000000E+00  7.08235130448E+02  9.26282517470E+00  -5.90742757474E+06  -9.63397359398E+05  -5.38908435825E+06  4.53739392191E+03  1.62543537640E-02  8.95109102587E-05  1.61666797335E-01
6.99000000000E+02  1.45000000000E+02  -4.10000000000E+00  7.13880942455E+02  1.17191810821E+01  5.95424332488E+06  1.23535539238E+06  5.37990834849E+06  7.27003589285E+03  1.61257557611E-02  6.28309268884E+00  2.04538295519E-01
6.99000000000E+02  1.45000000000E+02  4.10000000000E+00  7.13880942455E+02  1.17191810821E+01  6.22088875329E+06  1.29093224884E+06  -5.81267215881E+06  7.21126999938E+03  1.61257557611E-02  9.26183348936E-05  2.04538295519E-01
7.00000000000E+02  9.70000000000E+01  -1.90000000000E+00  7.06688757516E+02  7.88931702566E+00  -8.63310511227E+06  -1.19499369264E+06  3.66930462491E+06  -1.49751568016E+04  1.62902992819E-02  6.28314150722E+00  1.37694557832E-01
7.00000000000E+02  9.70000000000E+01  1.90000000000E+00  7.06688757516E+02  7.88931702566E+00  -7.92774111134E+06  -1.09673880417E+06  -3.45634989227E+06  -1.48210985596E+04  1.62902992819E-02  4.37999576060E-05  1.37694557832E-01
7.01000000000E+02  9.10000000000E+01  -2.30000000000E+00  7.06881885466E+02  7.39646300142E+00  -7.88675459098E+06  -1.02298532368E+06  4.69251986812E+06  -1.18600136981E+04  1.62857936988E-02  6.28313231533E+00  1.29092632377E-01
7.01000000000E+02  9.10000000000E+01  2.30000000000E+00  7.06881885466E+02  7.39646300142E+00  -6.31342912304E+06  -8.17736572675E+05  -5.40332185794E+06  -1.17698449501E+04  1.62857936988E-02  5.29918535185E-05  1.29092632377E-01
7.01000000000E+02  9.50000000000E+01  -3.10000000000E+00  7.07407944541E+02  7.71774480727E+00  -5.52187259111E+06  -7.48486797826E+05  5.07132971648E+06  -4.16250990720E+03  1.62735421035E-02  6.28311399019E+00  1.34700057716E-01
7.01000000000E+02  9.50000000000E+01  3.10000000000E+00  7.07407944541E+02  7.71774480727E+00  -5.48555129052E+06  -7.43097185625E+05  -5.06086892553E+06  -4.11544280878E+03  1.62735421035E-02  7.13169927716E-05  1.34700057716E-01
7.01000000000E+02  1.01000000000E+02  -3.90000000000E+00  7.08238660340E+02  8.19874742456E+00  -6.03468675315E+06  -8.69211725098E+05  5.37964303721E+06  4.42259854993E+03  1.62542727529E-02  6.28309579716E+00  1.43095137098E-01
7.01000000000E+02  1.01000000000E+02  3.90000000000E+00  7.08238660340E+02  8.19874742456E+00  -5.90879792752E+06  -8.51387382212E+05  -5.39405680530E+06  4.55797072164E+03  1.62542727529E-02  8.95100179766E-05  1.43095137098E-01
7.01000000000E+02  1.03000000000E+02  -4.10000000000E+00  7.08526640290E+02  8.35882680588E+00  -6.19598560316E+06  -9.10926724385E+05  6.03576297652E+06  7.32540000948E+03  1.62476145413E-02  6.28309128369E+00  1.45889049367E-01
7.01000000000E+02  1.03000000000E+02  4.10000000000E+00  7.08526640290E+02  8.35882680588E+00  -6.09075981985E+06  -8.96092785764E+05  -5.83742392674E+06  7.47112100090E+03  1.62476145413E-02  9.40234944896E-05  1.45889049367E-01
7.01000000000E+02  1.08000000000E+02  -4.50000000000E+00  7.09270752252E+02  8.75844563240E+00  -3.94350435639E+06  -6.09560959737E+05  8.09612674454E+06  1.45433609355E+04  1.62304581994E-02  6.28308232779E+00  1.52863713642E-01
7.01000000000E+02  1.08000000000E+02  4.50000000000E+00  7.09270752252E+02  8.75844563240E+00  -4.23273205938E+06  -6.54117505061E+05  -7.88964618071E+06  1.43968250419E+04  1.62304581994E-02  1.02979389044E-04  1.52863713642E-01
7.01000000000E+02  1.31000000000E+02  -4.50000000000E+00  7.13135330775E+02  1.05851070456E+01  3.82474361339E+06  7.15665795641E+05  8.87980759177E+06  1.42226062223E+04  1.61425063064E-02  6.28308344091E+00  1.84744969623E-01
7.01000000000E+02  1.31000000000E+02  4.50000000000E+00  7.13135330775E+02  1.05851070456E+01  3.94261546875E+06  7.38316791499E+05  -8.32700689283E+06  1.42865696305E+04  1.61425063064E-02  1.01866266089E-04  1.84744969623E-01
7.01000000000E+02  1.35000000000E+02  -4.10000000000E+00  7.13880942455E+02  1.09006838660E+01  5.97198986555E+06  1.15021403110E+06  5.44236963792E+06  7.27286282180E+03  1.61257557611E-02  6.28309268884E+00  1.90252824180E-01
7.01000000000E+02  1.35000000000E+02  4.10000000000E+00  7.13880942455E+02  1.09006838660E+01  6.23938560652E+06  1.20199697790E+06  -5.84222137524E+06  7.20917884736E+03  1.61257557611E-02  9.26183348936E-05  1.90252824180E-01
7.01000000000E+02  1.46000000000E+02  -7.00000000000E-01  7.16042596498E+02  1.17650249592E+01  6.91969803331E+06  1.44075628346E+06  1.84353803555E+05  -1.91452793434E+04  1.60775867655E-02  6.28316958913E+00  2.05338422117E-01
7.01000000000E+02  1.46000000000E+02  7.00000000000E-01  7.16042596498E+02  1.17650249592E+01  6.99807931319E+06  1.45720333744E+06  -2.08427390009E+05  -1.91504476221E+04  1.60775867655E-02  1.57180531575E-05  2.05338422117E-01
7.02000000000E+02  7.90000000000E+01  -1.10000000000E+00  7.06431171453E+02  6.42080166859E+00  -7.46297332940E+06  -8.39933571542E+05  4.43888909717E+05  -1.84695312532E+04  1.62963177723E-02  6.28315993069E+00  1.12064129734E-01
7.02000000000E+02  7.90000000000E+01  1.10000000000E+00  7.06431171453E+02  6.42080166859E+00  -7.48602333264E+06  -8.42484789873E+05  -4.90147700378E+05  -1.84621325410E+04  1.62963177723E-02  2.53764892019E-05  1.12064129734E-01
7.02000000000E+02  8.00000000000E+01  -1.50000000000E+00  7.06543699993E+02  6.50138607386E+00  -7.99168632135E+06  -9.10731060591E+05  1.41782835075E+06  -1.72320125924E+04  1.62936882686E-02  6.28315071397E+00  1.13470592932E-01
7.02000000000E+02  8.00000000000E+01  1.50000000000E+00  7.06543699993E+02  6.50138607386E+00  -8.19954231045E+06  -9.34434430363E+05  -1.59728505958E+06  -1.72361655383E+04  1.62936882686E-02  3.45932089578E-05  1.13470592932E-01
7.02000000000E+02  8.20000000000E+01  -2.10000000000E+00  7.06772947983E+02  6.66247710660E+00  -8.50534124915E+06  -9.93236932562E+05  4.41267646251E+06  -1.36508776436E+04  1.62883326426E-02  6.28313690831E+00  1.16282161849E-01
7.02000000000E+02  8.20000000000E+01  2.10000000000E+00  7.06772947983E+02  6.66247710660E+00  -7.17507702940E+06  -8.37668180223E+05  -4.48233546213E+06  -1.33440293603E+04  1.62883326426E-02  4.83988686739E-05  1.16282161849E-01
7.02000000000E+02  9.60000000000E+01  -4.10000000000E+00  7.08533697152E+02  7.78701795463E+00  -6.20307313599E+06  -8.49285384766E+05  6.00283330789E+06  7.38730441906E+03  1.62474527218E-02  6.28309128556E+00  1.35909102220E-01
7.02000000000E+02  9.60000000000E+01  4.10000000000E+00  7.08533697152E+02  7.78701795463E+00  -6.10351318652E+06  -8.36746551865E+05  -5.80557716865E+06  7.53804533789E+03  1.62474527218E-02  9.40216215255E-05  1.35909102220E-01
7.03000000000E+02  7.00000000000E+01  -1.30000000000E+00  7.06476468115E+02  5.68638365464E+00  -7.76137340628E+06  -7.73572438612E+05  9.02037918904E+05  -1.79748227491E+04  1.62952571983E-02  6.28315532066E+00  9.92461173050E-02
7.03000000000E+02  7.00000000000E+01  1.30000000000E+00  7.06476468115E+02  5.68638365464E+00  -7.90129175131E+06  -7.86957106745E+05  -9.73997711633E+05  -1.79684390324E+04  1.62952571983E-02  2.99865216171E-05  9.92461173050E-02
7.03000000000E+02  7.30000000000E+01  -2.10000000000E+00  7.06780022355E+02  5.92838542189E+00  -8.51010262552E+06  -8.84530449182E+05  4.38454019042E+06  -1.35989760816E+04  1.62881696035E-02  6.28313690928E+00  1.03469844939E-01
7.03000000000E+02  7.30000000000E+01  2.10000000000E+00  7.06780022355E+02  5.92838542189E+00  -7.07726855871E+06  -7.36221695150E+05  -4.51087915447E+06  -1.32865817031E+04  1.62881696035E-02  4.83978997456E-05  1.03469844939E-01
7.03000000000E+02  7.40000000000E+01  -2.30000000000E+00  7.06884007458E+02  6.00900595749E+00  -7.88711291316E+06  -8.30730984544E+05  4.70990805409E+06  -1.18408890347E+04  1.62857448094E-02  6.28313231564E+00  1.04876938730E-01
7.03000000000E+02  7.40000000000E+01  2.30000000000E+00  7.06884007458E+02  6.00900595749E+00  -6.31990204037E+06  -6.66299313912E+05  -5.39477515306E+06  -1.17622787482E+04  1.62857448094E-02  5.29915353492E-05  1.04876938730E-01
7.03000000000E+02  7.50000000000E+01  -2.50000000000E+00  7.06989391717E+02  6.08960261795E+00  -6.90435683884E+06  -7.36878658401E+05  5.01613504087E+06  -9.97008612971E+03  1.62832859133E-02  6.28312772497E+00  1.06283615821E-01
7.03000000000E+02  7.50000000000E+01  2.50000000000E+00  7.06989391717E+02  6.08960261795E+00  -6.08771855729E+06  -6.50189019428E+05  -5.47998203383E+06  -1.00154762650E+04  1.62832859133E-02  5.75822130277E-05  1.06283615821E-01
7.03000000000E+02  8.40000000000E+01  -3.70000000000E+00  7.08000706214E+02  6.81384751529E+00  -5.55964082544E+06  -6.64261650046E+05  5.03611388397E+06  2.02106203032E+03  1.62597849193E-02  6.28310033007E+00  1.18924073871E-01
7.03000000000E+02  8.40000000000E+01  3.70000000000E+00  7.08000706214E+02  6.81384751529E+00  -5.58272731001E+06  -6.67134671947E+05  -5.01533152774E+06  2.10040460102E+03  1.62597849193E-02  8.49771118731E-05  1.18924073871E-01
7.03000000000E+02  8.60000000000E+01  -3.90000000000E+00  7.08240778267E+02  6.97450238818E+00  -6.03873318871E+06  -7.38555690754E+05  5.37319535571E+06  4.42824397217E+03  1.62542241469E-02  6.28309579770E+00  1.21728030362E-01
7.03000000000E+02  8.60000000000E+01  3.90000000000E+00  7.08240778267E+02  6.97450238818E+00  -5.88344372972E+06  -7.19918866546E+05  -5.39948184693E+06  4.56305558206E+03  1.62542241469E-02  8.95094826158E-05  1.21728030362E-01
7.03000000000E+02  9.10000000000E+01  -4.30000000000E+00  7.08865290447E+02  7.37565245586E+00  -6.34787226393E+06  -8.26346917295E+05  6.43359098630E+06  1.08243510306E+04  1.62397983568E-02  6.28308679170E+00  1.28729419837E-01
7.03000000000E+02  9.10000000000E+01  4.30000000000E+00  7.08865290447E+02  7.37565245586E+00  -6.26007869361E+06  -8.16618916587E+05  -6.11289476500E+06  1.09564222447E+04  1.62397983568E-02  9.85154774378E-05  1.28729419837E-01
7.03000000000E+02  1.32000000000E+02  -2.70000000000E+00  7.15285257782E+02  1.06344171565E+01  6.06888910844E+06  1.13893551865E+06  5.37697161696E+06  -8.07522010936E+03  1.60943963669E-02  6.28312455275E+00  1.85605593411E-01
7.03000000000E+02  1.32000000000E+02  2.70000000000E+00  7.15285257782E+02  1.06344171565E+01  6.05794859599E+06  1.13649810165E+06  -5.36250905097E+06  -8.09069503526E+03  1.60943963669E-02  6.07544273912E-05  1.85605593411E-01
7.04000000000E+02  5.70000000000E+01  -1.00000000000E-01  7.06303759016E+02  4.62890759572E+00  -6.95974319501E+06  -5.63879823811E+05  4.54588618504E+04  -1.95715626068E+04  1.62992968456E-02  6.28318299939E+00  8.07896783159E-02
7.04000000000E+02  5.70000000000E+01  1.00000000000E-01  7.06303759016E+02  4.62890759572E+00  -6.94420632145E+06  -5.62852666836E+05  2.17039647535E+04  -1.95743439609E+04  1.62992968456E-02  2.30779156204E-06  8.07896783159E-02
7.04000000000E+02  5.80000000000E+01  -9.00000000000E-01  7.06385164057E+02  4.70975430524E+00  -7.28323281315E+06  -6.00706184262E+05  3.08293826942E+05  -1.88867865045E+04  1.62973922715E-02  6.28316454188E+00  8.22007195864E-02
7.04000000000E+02  5.80000000000E+01  9.00000000000E-01  7.06385164057E+02  4.70975430524E+00  -7.24328690509E+06  -5.97022336885E+05  -3.41391660639E+05  -1.88835107665E+04  1.62973922715E-02  2.07653035493E-05  8.22007195864E-02
7.04000000000E+02  6.50000000000E+01  -2.50000000000E+00  7.06994342269E+02  5.27513746937E+00  -7.00621077334E+06  -6.47467517958E+05  5.00617547403E+06  -9.94898122897E+03  1.62831718914E-02  6.28312772577E+00  9.20685173358E-02
7.04000000000E+02  6.50000000000E+01  2.50000000000E+00  7.06994342269E+02  5.27513746937E+00  -6.11717485718E+06  -5.66408023952E+05  -5.48323362055E+06  -9.99940253977E+03  1.62831718914E-02  5.75814065769E-05  9.20685173358E-02
7.04000000000E+02  7.30000000000E+01  -3.50000000000E+00  7.07774681661E+02  5.92002426821E+00  -5.47932400461E+06  -5.68118073791E+05  4.86759610604E+06  -2.05202524871E+02  1.62650241099E-02  6.28310487184E+00  1.03323915278E-01
7.04000000000E+02  7.30000000000E+01  3.50000000000E+00  7.07774681661E+02  5.92002426821E+00  -5.43139164182E+06  -5.63197741896E+05  -4.90615898690E+06  -1.66817528969E+02  1.62650241099E-02  8.04353362674E-05  1.03323915278E-01
7.04000000000E+02  8.00000000000E+01  -4.10000000000E+00  7.08530874416E+02  6.48307369290E+00  -6.22373522350E+06  -7.07225821537E+05  5.91794345862E+06  7.38530732520E+03  1.62475174490E-02  6.28309128481E+00  1.13150981590E-01
7.04000000000E+02  8.00000000000E+01  4.10000000000E+00  7.08530874416E+02  6.48307369290E+00  -6.14671626702E+06  -6.98427143073E+05  -5.71065252615E+06  7.56827710935E+03  1.62475174490E-02  9.40223707020E-05  1.13150981590E-01
7.04000000000E+02  1.20000000000E+02  -3.90000000000E+00  7.14154045007E+02  9.67335543240E+00  5.67365998588E+06  9.66960429137E+05  5.46199968838E+06  4.42915926910E+03  1.61196397585E-02  6.28309727391E+00  1.68831902011E-01
7.04000000000E+02  1.20000000000E+02  3.90000000000E+00  7.14154045007E+02  9.67335543240E+00  5.79281476019E+06  9.87470441075E+05  -5.44793761396E+06  4.41477112384E+03  1.61196397585E-02  8.80332726336E-05  1.68831902011E-01
7.04000000000E+02  1.31000000000E+02  -3.00000000000E-01  7.16084492221E+02  1.05410130958E+01  6.82724673088E+06  1.26961037139E+06  1.52535284860E+04  -1.94939377064E+04  1.60766586228E-02  6.28317857165E+00  1.83975385017E-01
7.04000000000E+02  1.31000000000E+02  3.00000000000E-01  7.16084492221E+02  1.05410130958E+01  6.84931839981E+06  1.27434877789E+06  -7.78323374042E+04  -1.94921675088E+04  1.60766586228E-02  6.73552548585E-06  1.83975385017E-01
7.05000000000E+02  -4.50000000000E+01  -1.10000000000E+00  7.06434710359E+02  -3.65222278031E+00  1.71709441429E+00  2.52119375319E+00  5.07102932095E-01  -9.12175672154E-03  1.62962361322E-02  6.28315993094E+00  6.21944199465E+00
7.05000000000E+02  -4.50000000000E+01  1.10000000000E+00  7.06434710359E+02  -3.65222278031E+00  1.62048743683E+00  2.50242844668E+00  -5.78959097974E-01  -9.04260484569E-03  1.62962361322E-02  2.53762349377E-05  -6.37433125327E-02
7.05000000000E+02  -4.30000000000E+01  -3.00000000000E-01  7.06310130184E+02  -3.49031233845E+00  2.82701844685E+00  4.51737568978E+00  2.59712427181E-01  -1.63175487962E-02  1.62991471996E-02  6.28317838393E+00  6.22226786495E+00
7.05000000000E+02  -4.30000000000E+01  -1.00000000000E-01  7.06310130184E+02  -3.49031233845E+00  2.87450967584E+00  4.51590083725E+00  6.75815591765E-02  -1.63282253994E-02  1.62991498137E-02  6.28318299943E+00  6.22226786495E+00
7.05000000000E+02  -4.30000000000E+01  1.00000000000E-01  7.06310130184E+02  -3.49031233845E+00  2.92336051365E+00  4.51125948993E+00  -1.26790450024E-01  -1.63157366646E-02  1.62991498137E-02  2.30774992527E-06  -6.09174422289E-02
7.05000000000E+02  -4.30000000000E+01  3.00000000000E-01  7.06310130184E+02  -3.49031233845E+00  2.97252988308E+00  4.50296354182E+00  -3.23387470921E-01  -1.62795443091E-02  1.62991471996E-02  6.92324866542E-06  -6.09174422289E-02
7.05000000000E+02  4.30000000000E+01  -3.00000000000E-01  7.06310130184E+02  3.49031233845E+00  -6.98102351335E+06  -4.25876102777E+05  7.30857641179E+04  -1.95244895178E+04  1.62991471996E-02  6.28317838393E+00  6.09174422289E-02
7.05000000000E+02  4.30000000000E+01  -1.00000000000E-01  7.06310130184E+02  3.49031233845E+00  -6.96282956201E+06  -4.25030013343E+05  4.86092536345E+04  -1.95274206890E+04  1.62991498137E-02  6.28318299943E+00  6.09174422289E-02
7.05000000000E+02  4.30000000000E+01  1.00000000000E-01  7.06310130184E+02  3.49031233845E+00  -6.94668123546E+06  -4.24308334737E+05  2.35738656592E+04  -1.95303518602E+04  1.62991498137E-02  2.30774992527E-06  6.09174422289E-02
7.05000000000E+02  4.30000000000E+01  3.00000000000E-01  7.06310130184E+02  3.49031233845E+00  -6.94114941352E+06  -4.24050381618E+05  -1.17214825850E+04  -1.95308268323E+04  1.62991471996E-02  6.92324866542E-06  6.09174422289E-02
7.05000000000E+02  4.50000000000E+01  -1.10000000000E+00  7.06434710359E+02  3.65222278031E+00  -7.49107055915E+06  -4.79319354198E+05  4.68016440962E+05  -1.84466783781E+04  1.62962361322E-02  6.28315993094E+00  6.37433125327E-02
7.05000000000E+02  4.50000000000E+01  1.10000000000E+00  7.06434710359E+02  3.65222278031E+00  -7.49305776438E+06  -4.78128857020E+05  -5.11983185384E+05  -1.84387815794E+04  1.62962361322E-02  2.53762349377E-05  6.37433125327E-02
7.05000000000E+02  5.30000000000E+01  -2.50000000000E+00  7.06989391717E+02  4.29925519752E+00  -7.10073810845E+06  -5.34213292995E+05  5.00511676208E+06  -9.99677307340E+03  1.62832859133E-02  6.28312772497E+00  7.50361585803E-02
7.05000000000E+02  5.30000000000E+01  2.50000000000E+00  7.06989391717E+02  4.29925519752E+00  -6.14913164839E+06  -4.63070144688E+05  -5.50832400962E+06  -1.00536106946E+04  1.62832859133E-02  5.75822130277E-05  7.50361585803E-02
7.05000000000E+02  6.50000000000E+01  -3.70000000000E+00  7.07990112925E+02  5.26769712804E+00  -5.56351927542E+06  -5.13062023334E+05  5.02128120324E+06  1.95780836212E+03  1.62600282035E-02  6.28310032752E+00  9.19386588822E-02
7.05000000000E+02  6.50000000000E+01  3.70000000000E+00  7.07990112925E+02  5.26769712804E+00  -5.60047735129E+06  -5.16253514914E+05  -4.98994557895E+06  2.03598343537E+03  1.62600282035E-02  8.49796549277E-05  9.19386588822E-02
7.05000000000E+02  1.10000000000E+02  -4.30000000000E+00  7.13529957325E+02  8.86826283321E+00  5.95989578441E+06  9.28746305004E+05  6.84386373480E+06  1.08898933988E+04  1.61336345935E-02  6.28308807561E+00  1.54780385372E-01
7.05000000000E+02  1.10000000000E+02  4.30000000000E+00  7.13529957325E+02  8.86826283321E+00  5.63609523866E+06  8.78040396168E+05  -6.99248734069E+06  1.08475590034E+04  1.61336345935E-02  9.72315707607E-05  1.54780385372E-01
7.05000000000E+02  1.14000000000E+02  -3.90000000000E+00  7.14157545644E+02  9.18534200616E+00  5.68187843243E+06  9.18649146506E+05  5.45594473810E+06  4.40854669585E+03  1.61195607450E-02  6.28309727477E+00  1.60314460929E-01
7.05000000000E+02  1.14000000000E+02  3.90000000000E+00  7.14157545644E+02  9.18534200616E+00  5.80131540325E+06  9.38125596551E+05  -5.44107948930E+06  4.39461873659E+03  1.61195607450E-02  8.80324095674E-05  1.60314460929E-01
7.05000000000E+02  1.20000000000E+02  -2.90000000000E+00  7.15139846464E+02  9.65989307844E+00  5.73744880402E+06  9.76502569080E+05  5.29769799382E+06  -6.12719981334E+03  1.60976336756E-02  6.28312002603E+00  1.68596939609E-01
7.05000000000E+02  1.20000000000E+02  2.90000000000E+00  7.15139846464E+02  9.65989307844E+00  5.77625305888E+06  9.83265254464E+05  -5.36681698622E+06  -6.08488851603E+03  1.60976336756E-02  6.52811532540E-05  1.68596939609E-01
7.06000000000E+02  -2.60000000000E+01  -1.30000000000E+00  7.06478591325E+02  -2.10908973726E+00  2.77692189887E+02  5.24716731613E+02  1.29489301620E+02  -1.91824196206E+00  1.62952082237E-02  6.28315532084E+00  6.24637474704E+00
7.06000000000E+02  -2.60000000000E+01  1.30000000000E+00  7.06478591325E+02  -2.10908973726E+00  2.74702118144E+02  5.25401339610E+02  -1.25704843824E+02  -1.91822785810E+00  1.62952082237E-02  2.99863413665E-05  -3.68105601352E-02
7.06000000000E+02  -2.10000000000E+01  -3.00000000000E-01  7.06312253893E+02  -1.70376303670E+00  1.15949769449E+03  2.17500399803E+03  1.41979142005E+02  -7.88538568141E+00  1.62990981899E-02  6.28317838397E+00  6.25344903252E+00
7.06000000000E+02  -2.10000000000E+01  3.00000000000E-01  7.06312253893E+02  -1.70376303670E+00  1.19402175291E+03  2.17129682353E+03  -1.13306145823E+02  -7.88749293912E+00  1.62990981899E-02  6.92320702968E-06  -2.97362746641E-02
7.06000000000E+02  2.10000000000E+01  -3.00000000000E-01  7.06312253893E+02  1.70376303670E+00  -6.99753127117E+06  -2.08139418308E+05  7.52304915061E+04  -1.95081288073E+04  1.62990981899E-02  6.28317838397E+00  2.97362746641E-02
7.06000000000E+02  2.10000000000E+01  3.00000000000E-01  7.06312253893E+02  1.70376303670E+00  -6.94991214199E+06  -2.07054459341E+05  -1.15004448698E+04  -1.95161588352E+04  1.62990981899E-02  6.92320702968E-06  2.97362746641E-02
7.06000000000E+02  2.60000000000E+01  -1.30000000000E+00  7.06478591325E+02  2.10908973726E+00  -7.79119929186E+06  -2.86871995130E+05  9.19129333915E+05  -1.79576035979E+04  1.62952082237E-02  6.28315532084E+00  3.68105601352E-02
7.06000000000E+02  2.60000000000E+01  1.30000000000E+00  7.06478591325E+02  2.10908973726E+00  -7.92231932792E+06  -2.90943687214E+05  -9.93913167715E+05  -1.79503060688E+04  1.62952082237E-02  2.99863413665E-05  3.68105601352E-02
7.06000000000E+02  6.80000000000E+01  -4.50000000000E+00  7.09267227496E+02  5.50160272495E+00  -3.98458532230E+06  -3.79788908848E+05  8.11939054974E+06  1.44776137033E+04  1.62305388549E-02  6.28308232677E+00  9.60210816870E-02
7.06000000000E+02  6.80000000000E+01  4.50000000000E+00  7.09267227496E+02  5.50160272495E+00  -4.14080839631E+06  -3.94744808526E+05  -8.21192957289E+06  1.43586589080E+04  1.62305388549E-02  1.02980412600E-04  9.60210816870E-02
7.06000000000E+02  1.13000000000E+02  -3.10000000000E+00  7.14986013849E+02  9.09344208376E+00  5.40986430453E+06  8.65876861225E+05  5.12371286165E+06  -4.19054898624E+03  1.61010593941E-02  6.28311549401E+00  1.58710504701E-01
7.06000000000E+02  1.13000000000E+02  3.10000000000E+00  7.14986013849E+02  9.09344208376E+00  5.54813980205E+06  8.87954627868E+05  -5.21864650571E+06  -4.21546122929E+03  1.61010593941E-02  6.98131709491E-05  1.58710504701E-01
7.06000000000E+02  1.14000000000E+02  -2.90000000000E+00  7.15144740595E+02  9.17255292013E+00  5.74840611392E+06  9.28165824656E+05  5.30482222050E+06  -6.15586934798E+03  1.60975235094E-02  6.28312002692E+00  1.60091249270E-01
7.06000000000E+02  1.14000000000E+02  2.90000000000E+00  7.15144740595E+02  9.17255292013E+00  5.78710063455E+06  9.34377650748E+05  -5.37547021995E+06  -6.11295735236E+03  1.60975235094E-02  6.52802597038E-05  1.60091249270E-01
7.06000000000E+02  1.18000000000E+02  -1.70000000000E+00  7.15793266244E+02  9.48864089222E+00  8.67758712952E+06  1.44976664373E+06  2.39523782566E+06  -1.64583207113E+04  1.60831119121E-02  6.28314710834E+00  1.65608025109E-01
7.06000000000E+02  1.18000000000E+02  1.70000000000E+00  7.15793266244E+02  9.48864089222E+00  8.76191450395E+06  1.46411301021E+06  -2.22448720035E+06  -1.63874148497E+04  1.60831119121E-02  3.81988351587E-05  1.65608025109E-01
7.07000000000E+02  -4.20000000000E+01  -3.90000000000E+00  7.08246426041E+02  -3.39971415912E+00  1.70616818399E+00  5.09671756127E+00  4.92612920563E+00  -1.81358765710E-02  1.62540945328E-02  6.28309579912E+00  6.22384910148E+00
7.07000000000E+02  -4.20000000000E+01  3.90000000000E+00  7.08246426041E+02  -3.39971415912E+00  1.72893761934E+00  5.09441353166E+00  -4.90240715793E+00  -1.80879920012E-02  1.62540945328E-02  8.95080550184E-05  -5.93362057034E-02
7.07000000000E+02  -2.40000000000E+01  -3.10000000000E+00  7.07407237735E+02  -1.94423037595E+00  3.24310481364E+02  8.36715768175E+02  5.62701255616E+02  -3.02205273933E+00  1.62735583633E-02  6.28311399004E+00  6.24925208570E+00
7.07000000000E+02  -2.40000000000E+01  3.10000000000E+00  7.07407237735E+02  -1.94423037595E+00  3.26467207869E+02  8.37053722953E+02  -5.54309330049E+02  -3.02385957718E+00  1.62735583633E-02  7.13171352911E-05  -3.39332214776E-02
7.07000000000E+02  -1.90000000000E+01  -2.90000000000E+00  7.07255258022E+02  -1.53940290043E+00  1.27078554891E+03  3.45615583604E+03  2.10540203330E+03  -1.23737264557E+01  1.62770944059E-02  6.28311856231E+00  6.25631765805E+00
7.07000000000E+02  -1.90000000000E+01  2.90000000000E+00  7.07255258022E+02  -1.53940290043E+00  1.28913445887E+03  3.45703767727E+03  -2.06886801790E+03  -1.23833630304E+01  1.62770944059E-02  6.67448671280E-05  -2.68676491273E-02
7.07000000000E+02  -1.30000000000E+01  -2.70000000000E+00  7.07119508994E+02  -1.05341047542E+00  4.23882027442E+03  1.98053987002E+04  1.10637405670E+04  -6.85120631889E+01  1.62802556984E-02  6.28312314140E+00  6.26479982601E+00
7.07000000000E+02  -1.30000000000E+01  2.70000000000E+00  7.07119508994E+02  -1.05341047542E+00  4.23744984402E+03  1.97547769241E+04  -1.09051109665E+04  -6.83789944399E+01  1.62802556984E-02  6.21657748703E-05  -1.83854811712E-02
7.07000000000E+02  1.30000000000E+01  -2.70000000000E+00  7.07119508994E+02  1.05341047542E+00  -6.15606212985E+06  -1.13252496447E+05  5.21013618516E+06  -7.95336648463E+03  1.62802556984E-02  6.28312314140E+00  1.83854811712E-02
7.07000000000E+02  1.30000000000E+01  2.70000000000E+00  7.07119508994E+02  1.05341047542E+00  -5.87644358893E+06  -1.07684232367E+05  -5.35730760599E+06  -7.92833029215E+03  1.62802556984E-02  6.21657748703E-05  1.83854811712E-02
7.07000000000E+02  1.90000000000E+01  -2.90000000000E+00  7.07255258022E+02  1.53940290043E+00  -5.97760425782E+06  -1.60805834149E+05  5.10684283969E+06  -6.07449400780E+03  1.62770944059E-02  6.28311856231E+00  2.68676491273E-02
7.07000000000E+02  1.90000000000E+01  2.90000000000E+00  7.07255258022E+02  1.53940290043E+00  -5.66984072343E+06  -1.52096822344E+05  -5.21021226729E+06  -5.94909311545E+03  1.62770944059E-02  6.67448671280E-05  2.68676491273E-02
7.07000000000E+02  2.40000000000E+01  -3.10000000000E+00  7.07407237735E+02  1.94423037595E+00  -5.57855362640E+06  -1.89505557751E+05  5.06651400844E+06  -4.16872718523E+03  1.62735583633E-02  6.28311399004E+00  3.39332214776E-02
7.07000000000E+02  2.40000000000E+01  3.10000000000E+00  7.07407237735E+02  1.94423037595E+00  -5.53082340393E+06  -1.87536349878E+05  -5.05816196028E+06  -4.11949742233E+03  1.62735583633E-02  7.13171352911E-05  3.39332214776E-02
7.07000000000E+02  4.20000000000E+01  -3.90000000000E+00  7.08246426041E+02  3.39971415912E+00  -6.08318293937E+06  -3.61390207182E+05  5.40536289654E+06  4.46960966073E+03  1.62540945328E-02  6.28309579912E+00  5.93362057034E-02
7.07000000000E+02  4.20000000000E+01  3.90000000000E+00  7.08246426041E+02  3.39971415912E+00  -5.97848355768E+06  -3.55200918161E+05  -5.40445949817E+06  4.60364824976E+03  1.62540945328E-02  8.95080550184E-05  5.93362057034E-02
7.07000000000E+02  8.90000000000E+01  -4.70000000000E+00  7.12579820090E+02  7.17488211483E+00  1.15857910732E+06  1.45292082811E+05  7.94171168620E+06  1.76655143168E+04  1.61550316284E-02  6.28307874796E+00  1.25225316346E-01
7.07000000000E+02  8.90000000000E+01  4.70000000000E+00  7.12579820090E+02  7.17488211483E+00  1.45870125747E+06  1.82981802618E+05  -8.32557007053E+06  1.75634304020E+04  1.61550316284E-02  1.06559222429E-04  1.25225316346E-01
7.07000000000E+02  1.13000000000E+02  -1.10000000000E+00  7.15973463195E+02  9.08079452787E+00  7.35009308703E+06  1.17366589323E+06  4.38381561914E+05  -1.85081570277E+04  1.60791166702E-02  6.28316060265E+00  1.58489763208E-01
7.07000000000E+02  1.13000000000E+02  1.10000000000E+00  7.15973463195E+02  9.08079452787E+00  7.58524751981E+06  1.21198409278E+06  -5.60014631964E+05  -1.85110357636E+04  1.60791166702E-02  2.47045335983E-05  1.58489763208E-01
7.08000000000E+02  -3.50000000000E+01  -4.30000000000E+00  7.08864585094E+02  -2.83011454717E+00  8.89747845143E+00  3.35194392739E+01  3.81564158942E+01  -1.20465826316E-01  1.62398145157E-02  6.28308679151E+00  6.23379049012E+00
7.08000000000E+02  -3.50000000000E+01  4.30000000000E+00  7.08864585094E+02  -2.83011454717E+00  8.94098729957E+00  3.35325342579E+01  -3.85655164559E+01  -1.20360052450E-01  1.62398145157E-02  9.85156734985E-05  -4.93948170567E-02
7.08000000000E+02  -1.00000000000E+00  -3.70000000000E+00  7.08000706214E+02  -8.09261884354E-02  -2.51695529998E+06  -6.93197066804E+05  2.19911986729E+06  5.08031005337E+02  1.62597849193E-02  6.28310033007E+00  6.28177287874E+00
7.08000000000E+02  -1.00000000000E+00  3.70000000000E+00  7.08000706214E+02  -8.09261884354E-02  -2.53969639420E+06  -6.90744302107E+05  -2.19480401049E+06  5.38734312921E+02  1.62597849193E-02  8.49771118731E-05  -1.41242843929E-03
7.08000000000E+02  0.00000000000E+00  -3.70000000000E+00  7.08000000000E+02  0.00000000000E+00  -4.06582606027E+06  -5.69247537403E+05  3.75527610671E+06  1.24157039295E+03  1.62598011379E-02  6.28310032990E+00  0.00000000000E+00
7.08000000000E+02  0.00000000000E+00  3.70000000000E+00  7.08000000000E+02  0.00000000000E+00  -4.13256782514E+06  -6.45023464213E+05  -3.74470675385E+06  1.31435903629E+03  1.62598011379E-02  8.49772814053E-05  0.00000000000E+00
7.08000000000E+02  1.00000000000E+00  -3.70000000000E+00  7.08000706214E+02  8.09261884354E-02  -5.11507786537E+06  -3.98050741454E+05  4.73531221423E+06  1.78884319181E+03  1.62597849193E-02  6.28310033007E+00  1.41242843929E-03
7.08000000000E+02  1.00000000000E+00  3.70000000000E+00  7.08000706214E+02  8.09261884354E-02  -5.12317797305E+06  -3.82090884298E+05  -4.69371318628E+06  1.86018684164E+03  1.62597849193E-02  8.49771118731E-05  1.41242843929E-03
7.08000000000E+02  3.50000000000E+01  -4.30000000000E+00  7.08864585094E+02  2.83011454717E+00  -6.41471572841E+06  -3.19428234342E+05  6.60399526372E+06  1.08423684912E+04  1.62398145157E-02  6.28308679151E+00  4.93948170567E-02
7.08000000000E+02  3.50000000000E+01  4.30000000000E+00  7.08864585094E+02  2.83011454717E+00  -6.39718504244E+06  -3.19158361978E+05  -6.26358892982E+06  1.09785572365E+04  1.62398145157E-02  9.85156734985E-05  4.93948170567E-02
7.08000000000E+02  5.10000000000E+01  -4.70000000000E+00  7.09834487750E+02  4.12012191252E+00  -1.30565516927E+06  -9.39914612829E+04  8.51328531965E+06  1.76323087453E+04  1.62175095583E-02  6.28307792210E+00  7.19096929570E-02
7.08000000000E+02  5.10000000000E+01  4.70000000000E+00  7.09834487750E+02  4.12012191252E+00  -1.36221179979E+06  -9.79376508653E+04  -8.02980138417E+06  1.76820081683E+04  1.62175095583E-02  1.07385084275E-04  7.19096929570E-02
7.08000000000E+02  1.07000000000E+02  -7.00000000000E-01  7.16039803363E+02  8.59407146584E+00  6.98725944559E+06  1.05617927104E+06  1.96441557208E+05  -1.91289839549E+04  1.60776494837E-02  6.28316958900E+00  1.49994843231E-01
7.08000000000E+02  1.07000000000E+02  7.00000000000E-01  7.16039803363E+02  8.59407146584E+00  7.09945519292E+06  1.07277709017E+06  -2.39817969990E+05  -1.91398066353E+04  1.60776494837E-02  1.57181757918E-05  1.49994843231E-01
7.09000000000E+02  -3.40000000000E+01  -4.70000000000E+00  7.09814764569E+02  -2.74550813167E+00  6.35424071659E+00  4.04188589137E+01  5.65877835585E+01  -1.45060663353E-01  1.62179601644E-02  6.28307791613E+00  6.23526715064E+00
7.09000000000E+02  -3.40000000000E+01  4.70000000000E+00  7.09814764569E+02  -2.74550813167E+00  6.14485240880E+00  4.04436640722E+01  -5.62777156880E+01  -1.44946646833E-01  1.62179601644E-02  1.07391052174E-04  -4.79181565379E-02
7.09000000000E+02  -2.00000000000E+01  -4.50000000000E+00  7.09282031353E+02  -1.61581352267E+00  3.23511159509E+02  2.00050684131E+03  2.54755934783E+03  -7.29057423786E+00  1.62302001099E-02  6.28308233107E+00  6.25498404111E+00
7.09000000000E+02  -2.00000000000E+01  4.50000000000E+00  7.09282031353E+02  -1.61581352267E+00  3.21992575347E+02  1.99533283981E+03  -2.55358877447E+03  -7.28832514751E+00  1.62302001099E-02  1.02976113802E-04  -2.82012660688E-02
7.09000000000E+02  2.00000000000E+01  -4.50000000000E+00  7.09282031353E+02  1.61581352267E+00  -3.93783671054E+06  -1.14075126188E+05  8.09793862040E+06  1.45517329078E+04  1.62302001099E-02  6.28308233107E+00  2.82012660688E-02
7.09000000000E+02  2.00000000000E+01  4.50000000000E+00  7.09282031353E+02  1.61581352267E+00  -4.08062606344E+06  -1.18458995620E+05  -8.21008525220E+06  1.44342381846E+04  1.62302001099E-02  1.02976113802E-04  2.82012660688E-02
7.09000000000E+02  3.40000000000E+01  -4.70000000000E+00  7.09814764569E+02  2.74550813167E+00  -1.38958767166E+06  -6.71604642255E+04  8.51071633016E+06  1.75936056270E+04  1.62179601644E-02  6.28307791613E+00  4.79181565379E-02
7.09000000000E+02  3.40000000000E+01  4.70000000000E+00  7.09814764569E+02  2.74550813167E+00  -1.43862182764E+06  -6.97226314935E+04  -8.02701097089E+06  1.76443030885E+04  1.62179601644E-02  1.07391052174E-04  4.79181565379E-02
7.09000000000E+02  9.10000000000E+01  -3.30000000000E+00  7.14816060256E+02  7.31391377499E+00  5.27013363417E+06  6.76643751225E+05  5.01314909757E+06  -2.21987412994E+03  1.61048472318E-02  6.28311095477E+00  1.27651876580E-01
7.09000000000E+02  9.10000000000E+01  3.30000000000E+00  7.14816060256E+02  7.31391377499E+00  5.43615382140E+06  6.97063775077E+05  -4.94347012505E+06  -2.27754171192E+03  1.61048472318E-02  7.43524051528E-05  1.27651876580E-01
7.10000000000E+02  7.10000000000E+01  -4.30000000000E+00  7.13541169100E+02  5.71059313750E+00  5.92804556245E+06  5.94418028365E+05  6.56986770453E+06  1.07473274777E+04  1.61333810953E-02  6.28308807866E+00  9.96686524912E-02
7.10000000000E+02  7.10000000000E+01  4.30000000000E+00  7.13541169100E+02  5.71059313750E+00  5.82455355313E+06  5.83885872985E+05  -6.73544238522E+06  1.07118737061E+04  1.61333810953E-02  9.72285151240E-05  9.96686524912E-02
7.10000000000E+02  7.70000000000E+01  -3.90000000000E+00  7.14163146627E+02  6.18957693098E+00  5.76281133779E+06  6.24891734902E+05  5.35183300925E+06  4.35346698049E+03  1.61194343258E-02  6.28309727615E+00  1.08028496751E-01
7.10000000000E+02  7.70000000000E+01  3.90000000000E+00  7.14163146627E+02  6.18957693098E+00  5.86826586006E+06  6.36604053535E+05  -5.37115694174E+06  4.35208937399E+03  1.61194343258E-02  8.80310286969E-05  1.08028496751E-01
7.10000000000E+02  9.30000000000E+01  -5.00000000000E-01  7.16064941189E+02  7.46245511219E+00  6.95517763282E+06  9.11594983936E+05  1.30530589918E+05  -1.93416873777E+04  1.60770925723E-02  6.28317408069E+00  1.30244411990E-01
7.10000000000E+02  9.30000000000E+01  5.00000000000E-01  7.16064941189E+02  7.46245511219E+00  6.99878347345E+06  9.16893042125E+05  -1.49909776129E+05  -1.93403420889E+04  1.60770925723E-02  1.12264853639E-05  1.30244411990E-01
7.11000000000E+02  -4.70000000000E+01  -4.70000000000E+00  7.12551752506E+02  -3.78198235472E+00  -1.06121909954E-01  1.11422607205E+00  1.56851936705E+00  -3.94210025434E-03  1.61556679513E-02  6.28307873956E+00  6.21717726284E+00
7.11000000000E+02  -4.70000000000E+01  4.70000000000E+00  7.12551752506E+02  -3.78198235472E+00  -1.15441054785E-01  1.10866683508E+00  -1.57112207357E+00  -3.91369326393E-03  1.61556679513E-02  1.06567617563E-04  -6.60080443422E-02
7.11000000000E+02  4.70000000000E+01  -4.70000000000E+00  7.12551752506E+02  3.78198235472E+00  1.13769333207E+06  7.55850206137E+04  7.96541794602E+06  1.76778794834E+04  1.61556679513E-02  6.28307873956E+00  6.60080443422E-02
7.11000000000E+02  4.70000000000E+01  4.70000000000E+00  7.12551752506E+02  3.78198235472E+00  1.42052835154E+06  9.43905007136E+04  -8.34746290132E+06  1.75923976935E+04  1.61556679513E-02  1.06567617563E-04  6.60080443422E-02
7.11000000000E+02  5.50000000000E+01  -4.50000000000E+00  7.13124112620E+02  4.42335400029E+00  3.82734090461E+06  2.97418490302E+05  8.84541295962E+06  1.42575887629E+04  1.61427602349E-02  6.28308343771E+00  7.72020912863E-02
7.11000000000E+02  5.50000000000E+01  4.50000000000E+00  7.13124112620E+02  4.42335400029E+00  3.94768731336E+06  3.06981475055E+05  -8.32201600799E+06  1.43263771298E+04  1.61427602349E-02  1.01869471112E-04  7.72020912863E-02
7.11000000000E+02  6.40000000000E+01  -4.10000000000E+00  7.13874638855E+02  5.14356392977E+00  6.03376390060E+06  5.43210947301E+05  5.47137649966E+06  7.31151794614E+03  1.61258981503E-02  6.28309268721E+00  8.97721258614E-02
7.11000000000E+02  6.40000000000E+01  4.10000000000E+00  7.13874638855E+02  5.14356392977E+00  6.34894882127E+06  5.72295561806E+05  -5.80642662023E+06  7.25182111908E+03  1.61258981503E-02  9.26199706156E-05  8.97721258614E-02
7.11000000000E+02  8.20000000000E+01  -1.90000000000E+00  7.15712931279E+02  6.57888594391E+00  8.00262907798E+06  9.23789835629E+05  3.48431786202E+06  -1.49772592762E+04  1.60848946023E-02  6.28314260484E+00  1.14823220834E-01
7.11000000000E+02  8.20000000000E+01  1.90000000000E+00  7.15712931279E+02  6.57888594391E+00  8.91932390413E+06  1.02905376854E+06  -3.20837707071E+06  -1.52325860478E+04  1.60848946023E-02  4.27023409216E-05  1.14823220834E-01
7.12000000000E+02  -4.00000000000E+01  -4.50000000000E+00  7.13122710338E+02  -3.21548399175E+00  -1.34010201039E+00  8.46596345950E+00  1.10470574486E+01  -2.97941901593E-02  1.61427919768E-02  6.28308343731E+00  6.22706452448E+00
7.12000000000E+02  -4.00000000000E+01  4.50000000000E+00  7.13122710338E+02  -3.21548399175E+00  -1.29615831027E+00  8.46183661425E+00  -1.07909702345E+01  -2.96251058313E-02  1.61427919768E-02  1.01869871754E-04  -5.61207827012E-02
7.12000000000E+02  -2.80000000000E+01  -4.70000000000E+00  7.12550349098E+02  -2.25204434540E+00  -1.83183038702E+01  2.18048980541E+02  3.04839287039E+02  -7.82627520695E-01  1.61556997694E-02  6.28307873914E+00  6.24387971845E+00
7.12000000000E+02  -2.80000000000E+01  4.70000000000E+00  7.12550349098E+02  -2.25204434540E+00  -1.93368159774E+01  2.18140125195E+02  -3.05293847327E+02  -7.82549851063E-01  1.61556997694E-02  1.06568037355E-04  -3.93055887282E-02
7.12000000000E+02  2.80000000000E+01  -4.70000000000E+00  7.12550349098E+02  2.25204434540E+00  1.12539105583E+06  4.39845856207E+04  7.95512103320E+06  1.76842753282E+04  1.61556997694E-02  6.28307873914E+00  3.93055887282E-02
7.12000000000E+02  2.80000000000E+01  4.70000000000E+00  7.12550349098E+02  2.25204434540E+00  1.40858561649E+06  5.50418284949E+04  -8.33536448182E+06  1.75972550709E+04  1.61556997694E-02  1.06568037355E-04  3.93055887282E-02
7.12000000000E+02  4.00000000000E+01  -4.50000000000E+00  7.13122710338E+02  3.21548399175E+00  3.84702795740E+06  2.15762062595E+05  8.81964597579E+06  1.42612051821E+04  1.61427919768E-02  6.28308343731E+00  5.61207827012E-02
7.12000000000E+02  4.00000000000E+01  4.50000000000E+00  7.13122710338E+02  3.21548399175E+00  3.98109643359E+06  2.23330462004E+05  -8.24793964457E+06  1.43383418745E+04  1.61427919768E-02  1.01869871754E-04  5.61207827012E-02
7.12000000000E+02  6.70000000000E+01  -2.90000000000E+00  7.15145439753E+02  5.37576701447E+00  5.79171821840E+06  5.44721518721E+05  5.26323398576E+06  -6.14891471911E+03  1.60975077716E-02  6.28312002705E+00  9.38248342226E-02
7.12000000000E+02  6.70000000000E+01  2.90000000000E+00  7.15145439753E+02  5.37576701447E+00  5.80810465248E+06  5.47456841945E+05  -5.35124756824E+06  -6.11060482100E+03  1.60975077716E-02  6.52801320559E-05  9.38248342226E-02
7.12000000000E+02  7.60000000000E+01  -7.00000000000E-01  7.16044691343E+02  6.09277165734E+00  7.03290423673E+06  7.50220193448E+05  1.82433862055E+05  -1.91594250686E+04  1.60775397273E-02  6.28316958922E+00  1.06338925993E-01
7.12000000000E+02  7.60000000000E+01  7.00000000000E-01  7.16044691343E+02  6.09277165734E+00  7.10192119646E+06  7.57943778518E+05  -1.99206161823E+05  -1.91633045362E+04  1.60775397273E-02  1.57179611830E-05  1.06338925993E-01
7.13000000000E+02  -1.40000000000E+01  -4.50000000000E+00  7.13137434160E+02  -1.12487776918E+00  -6.56173196469E+02  9.30135215698E+03  1.28851188792E+04  -3.62105932934E+01  1.61424586961E-02  6.28308344151E+00  6.26355248642E+00
7.13000000000E+02  -1.40000000000E+01  4.50000000000E+00  7.13137434160E+02  -1.12487776918E+00  -7.07523279756E+02  9.31941229346E+03  -1.28113650375E+04  -3.61938603123E+01  1.61424586961E-02  1.01865665170E-04  -1.96328207547E-02
7.13000000000E+02  -1.30000000000E+01  -4.50000000000E+00  7.13118503476E+02  -1.04454784352E+00  -4.43629398813E+02  1.16133490897E+04  1.67403239411E+04  -4.66190308019E+01  1.61428872037E-02  6.28308343611E+00  6.26495450812E+00
7.13000000000E+02  -1.30000000000E+01  4.50000000000E+00  7.13118503476E+02  -1.04454784352E+00  -4.82994411910E+02  1.16271745125E+04  -1.66681091371E+04  -4.65973735460E+01  1.61428872037E-02  1.01871073699E-04  -1.82307990640E-02
7.13000000000E+02  1.30000000000E+01  -4.50000000000E+00  7.13118503476E+02  1.04454784352E+00  3.69058304647E+06  6.62148363226E+04  8.94235740467E+06  1.43078183867E+04  1.61428872037E-02  6.28308343611E+00  1.82307990640E-02
7.13000000000E+02  1.30000000000E+01  4.50000000000E+00  7.13118503476E+02  1.04454784352E+00  3.85434420244E+06  6.89221959319E+04  -8.51242073271E+06  1.43469079526E+04  1.61428872037E-02  1.01871073699E-04  1.82307990640E-02
7.13000000000E+02  1.40000000000E+01  -4.50000000000E+00  7.13137434160E+02  1.12487776918E+00  3.81094926046E+06  7.36784007837E+04  8.97536753845E+06  1.42354572332E+04  1.61424586961E-02  6.28308344151E+00  1.96328207547E-02
7.13000000000E+02  1.40000000000E+01  4.50000000000E+00  7.13137434160E+02  1.12487776918E+00  3.93871231120E+06  7.59112863996E+04  -8.52199043437E+06  1.42726015033E+04  1.61424586961E-02  1.01865665170E-04  1.96328207547E-02
7.13000000000E+02  5.10000000000E+01  -3.30000000000E+00  7.14821656079E+02  4.09132751249E+00  5.29983894965E+06  3.79082180987E+05  4.99013058420E+06  -2.25130515920E+03  1.61047211585E-02  6.28311095594E+00  7.14071358704E-02
7.13000000000E+02  5.10000000000E+01  3.30000000000E+00  7.14821656079E+02  4.09132751249E+00  5.47185725852E+06  3.91444241705E+05  -4.90027329103E+06  -2.30162361782E+03  1.61047211585E-02  7.43512410040E-05  7.14071358704E-02
7.13000000000E+02  6.00000000000E+01  -2.30000000000E+00  7.15520090564E+02  4.81019117637E+00  7.01378172858E+06  5.86180342332E+05  5.10484241692E+06  -1.19777768151E+04  1.60891769871E-02  6.28313358717E+00  8.39536736781E-02
7.13000000000E+02  6.00000000000E+01  2.30000000000E+00  7.15520090564E+02  4.81019117637E+00  6.74742447356E+06  5.62638011456E+05  -5.16974960339E+06  -1.19269485875E+04  1.60891769871E-02  5.17200063691E-05  8.39536736781E-02
7.13000000000E+02  6.60000000000E+01  -7.00000000000E-01  7.16048182736E+02  5.28860572691E+00  7.03506830019E+06  6.51006096842E+05  1.78778348446E+05  -1.91875985142E+04  1.60774613313E-02  6.28316958937E+00  9.23035827745E-02
7.13000000000E+02  6.60000000000E+01  7.00000000000E-01  7.16048182736E+02  5.28860572691E+00  7.12539117203E+06  6.59658044383E+05  -2.07607255894E+05  -1.91945106518E+04  1.60774613313E-02  1.57178078946E-05  9.23035827745E-02
7.14000000000E+02  -3.40000000000E+01  -3.30000000000E+00  7.14809065415E+02  -2.72631099391E+00  -1.80405419356E+01  5.60311897691E+01  3.94900883559E+01  -1.97544255295E-01  1.61050048276E-02  6.28311095332E+00  6.23560220390E+00
7.14000000000E+02  -3.40000000000E+01  3.30000000000E+00  7.14809065415E+02  -2.72631099391E+00  -1.80927524782E+01  5.59473906055E+01  -4.00350243339E+01  -1.96944483860E-01  1.61050048276E-02  7.43538603902E-05  -4.75831032770E-02
7.14000000000E+02  -2.40000000000E+01  -3.70000000000E+00  7.14403247473E+02  -1.92518370832E+00  -2.22123349222E+02  8.15059646231E+02  7.10876873410E+02  -2.91834183775E+00  1.61140648950E-02  6.28310184644E+00  6.24958451276E+00
7.14000000000E+02  -2.40000000000E+01  3.70000000000E+00  7.14403247473E+02  -1.92518370832E+00  -2.23175966557E+02  8.13022121231E+02  -7.11810366617E+02  -2.91063742450E+00  1.61140648950E-02  8.34607355145E-05  -3.36007944160E-02
7.14000000000E+02  -1.50000000000E+01  -3.90000000000E+00  7.14157545644E+02  -1.20351580931E+00  -1.45069345137E+03  8.85498063755E+03  8.82561662845E+03  -3.25425936454E+01  1.61195607450E-02  6.28309727477E+00  6.26217999371E+00
7.14000000000E+02  -1.50000000000E+01  3.90000000000E+00  7.14157545644E+02  -1.20351580931E+00  -1.50471812326E+03  8.84802711139E+03  -8.83342440234E+03  -3.25049258787E+01  1.61195607450E-02  8.80324095674E-05  -2.10053134722E-02
7.14000000000E+02  1.50000000000E+01  -3.90000000000E+00  7.14157545644E+02  1.20351580931E+00  5.78399547818E+06  1.21514286058E+05  5.38087128559E+06  4.39056683560E+03  1.61195607450E-02  6.28309727477E+00  2.10053134722E-02
7.14000000000E+02  1.50000000000E+01  3.90000000000E+00  7.14157545644E+02  1.20351580931E+00  5.89098227899E+06  1.23613483492E+05  -5.39369852111E+06  4.38589456739E+03  1.61195607450E-02  8.80324095674E-05  2.10053134722E-02
7.14000000000E+02  2.40000000000E+01  -3.70000000000E+00  7.14403247473E+02  1.92518370832E+00  5.48222757265E+06  1.84358478421E+05  5.17171562899E+06  1.99507038056E+03  1.61140648950E-02  6.28310184644E+00  3.36007944160E-02
7.14000000000E+02  2.40000000000E+01  3.70000000000E+00  7.14403247473E+02  1.92518370832E+00  5.62632003622E+06  1.88968331722E+05  -5.07903302235E+06  1.97490656312E+03  1.61140648950E-02  8.34607355145E-05  3.36007944160E-02
7.14000000000E+02  3.40000000000E+01  -3.30000000000E+00  7.14809065415E+02  2.72631099391E+00  5.31194775155E+06  2.53077235431E+05  4.98680855411E+06  -2.18243967304E+03  1.61050048276E-02  6.28311095332E+00  4.75831032770E-02
7.14000000000E+02  3.40000000000E+01  3.30000000000E+00  7.14809065415E+02  2.72631099391E+00  5.47393278099E+06  2.60519381400E+05  -4.89375055420E+06  -2.23213111937E+03  1.61050048276E-02  7.43538603902E-05  4.75831032770E-02
7.15000000000E+02  -3.80000000000E+01  -9.00000000000E-01  7.16009078155E+02  -3.04222818695E+00  -1.09301489693E+01  2.15684321695E+01  3.24719411297E+00  -7.49163337593E-02  1.60783293954E-02  6.28316509637E+00  6.23008840872E+00
7.15000000000E+02  -3.80000000000E+01  9.00000000000E-01  7.16009078155E+02  -3.04222818695E+00  -1.08346941289E+01  2.15787963683E+01  -3.66693725315E+00  -7.46023256252E-02  1.60783293954E-02  2.02108051059E-05  -5.30968984592E-02
7.15000000000E+02  -3.50000000000E+01  -1.50000000000E+00  7.15856130797E+02  -2.80245151987E+00  -2.17377224773E+01  4.84594240516E+01  1.33560098625E+01  -1.70198932615E-01  1.60817195782E-02  6.28315160820E+00  6.23427330103E+00
7.15000000000E+02  -3.50000000000E+01  1.50000000000E+00  7.15856130797E+02  -2.80245151987E+00  -2.27604991821E+01  4.85386839673E+01  -1.38674463605E+01  -1.69589055613E-01  1.60817195782E-02  3.36989768165E-05  -4.89120061492E-02
7.15000000000E+02  -3.20000000000E+01  -1.90000000000E+00  7.15715725690E+02  -2.56257657426E+00  -4.53788108044E+01  1.08692099783E+02  3.86872514781E+01  -3.83016975555E-01  1.60848317993E-02  6.28314260517E+00  6.23845990862E+00
7.15000000000E+02  -3.20000000000E+01  1.90000000000E+00  7.15715725690E+02  -2.56257657426E+00  -4.67484004646E+01  1.08892470941E+02  -3.96533453996E+01  -3.82580221045E-01  1.60848317993E-02  4.27020074525E-05  -4.47253985553E-02
7.15000000000E+02  -2.40000000000E+01  -2.50000000000E+00  7.15402683808E+02  -1.92249316562E+00  -3.66252710428E+02  9.33740640647E+02  4.64450316275E+02  -3.32292288851E+00  1.60917873000E-02  6.28312907143E+00  6.24963147159E+00
7.15000000000E+02  -2.40000000000E+01  2.50000000000E+00  7.15402683808E+02  -1.92249316562E+00  -3.64394903149E+02  9.34070308489E+02  -4.66563386537E+02  -3.32399654311E+00  1.60917873000E-02  5.62357472395E-05  -3.35538355872E-02
7.15000000000E+02  -2.00000000000E+01  -2.70000000000E+00  7.15279665585E+02  -1.60226134627E+00  -1.00652924593E+03  2.75762333721E+03  1.52054968275E+03  -9.80913169978E+00  1.60945221979E-02  6.28312455180E+00  6.25522057121E+00
7.15000000000E+02  -2.00000000000E+01  2.70000000000E+00  7.15279665585E+02  -1.60226134627E+00  -9.98471466726E+02  2.75022232898E+03  -1.51817558601E+03  -9.78424315441E+00  1.60945221979E-02  6.07553774230E-05  -2.79647359699E-02
7.15000000000E+02  2.00000000000E+01  -2.70000000000E+00  7.15279665585E+02  1.60226134627E+00  6.06849221871E+06  1.70428419884E+05  5.36526871739E+06  -8.02876279992E+03  1.60945221979E-02  6.28312455180E+00  2.79647359699E-02
7.15000000000E+02  2.00000000000E+01  2.70000000000E+00  7.15279665585E+02  1.60226134627E+00  6.08441215186E+06  1.71601724066E+05  -5.37846220203E+06  -8.07836076603E+03  1.60945221979E-02  6.07553774230E-05  2.79647359699E-02
7.15000000000E+02  2.40000000000E+01  -2.50000000000E+00  7.15402683808E+02  1.92249316562E+00  6.55479219114E+06  2.22629551823E+05  5.23903394541E+06  -1.00374495989E+04  1.60917873000E-02  6.28312907143E+00  3.35538355872E-02
7.15000000000E+02  2.40000000000E+01  2.50000000000E+00  7.15402683808E+02  1.92249316562E+00  6.30358006941E+06  2.15712553173E+05  -5.47874184362E+06  -1.01020157738E+04  1.60917873000E-02  5.62357472395E-05  3.35538355872E-02
7.15000000000E+02  3.20000000000E+01  -1.90000000000E+00  7.15715725690E+02  2.56257657426E+00  8.10756979653E+06  3.65665779956E+05  3.52530765810E+06  -1.50772371401E+04  1.60848317993E-02  6.28314260517E+00  4.47253985553E-02
7.15000000000E+02  3.20000000000E+01  1.90000000000E+00  7.15715725690E+02  2.56257657426E+00  8.84323137175E+06  3.97363567314E+05  -3.07907633256E+06  -1.52676009752E+04  1.60848317993E-02  4.27020074525E-05  4.47253985553E-02
7.15000000000E+02  3.50000000000E+01  -1.50000000000E+00  7.15856130797E+02  2.80245151987E+00  8.46600284589E+06  4.15690290619E+05  1.69634320801E+06  -1.72741689015E+04  1.60817195782E-02  6.28315160820E+00  4.89120061492E-02
7.15000000000E+02  3.50000000000E+01  1.50000000000E+00  7.15856130797E+02  2.80245151987E+00  8.59169861721E+06  4.20885090471E+05  -1.54954178239E+06  -1.72665074756E+04  1.60817195782E-02  3.36989768165E-05  4.89120061492E-02
7.15000000000E+02  3.80000000000E+01  -9.00000000000E-01  7.16009078155E+02  3.04222818695E+00  7.19100923050E+06  3.84057104407E+05  2.57695380834E+05  -1.88556300595E+04  1.60783293954E-02  6.28316509637E+00  5.30968984592E-02
7.15000000000E+02  3.80000000000E+01  9.00000000000E-01  7.16009078155E+02  3.04222818695E+00  7.29204172166E+06  3.88749701628E+05  -2.97656922209E+05  -1.88679070942E+04  1.60783293954E-02  2.02108051059E-05  5.30968984592E-02
7.16000000000E+02  -1.10000000000E+01  -3.00000000000E-01  7.16084492221E+02  -8.80173179210E-01  -9.97071378388E+03  4.57630690711E+04  1.92677008398E+03  -1.45160196061E+02  1.60766586228E-02  6.28317857165E+00  6.26782338721E+00
7.16000000000E+02  -1.10000000000E+01  3.00000000000E-01  7.16084492221E+02  -8.80173179210E-01  -8.80514792218E+03  4.59688956349E+04  -3.14676127644E+03  -1.45073915534E+02  1.60766586228E-02  6.73552548585E-06  -1.53619199650E-02
7.16000000000E+02  -1.00000000000E+01  -5.00000000000E-01  7.16069828997E+02  -8.00168359333E-01  -9.51159835727E+03  6.48744311455E+04  5.29353447709E+03  -1.99104039768E+02  1.60769828273E-02  6.28317408085E+00  6.26921973474E+00
7.16000000000E+02  -1.00000000000E+01  5.00000000000E-01  7.16069828997E+02  -8.00168359333E-01  -7.86062025695E+03  6.52586557005E+04  -6.61012854060E+03  -1.98812343845E+02  1.60769828273E-02  1.12263320932E-05  -1.39655724406E-02
7.16000000000E+02  -8.00000000000E+00  -7.00000000000E-01  7.16044691343E+02  -6.40149669524E-01  5.06955890973E+02  1.38307580548E+05  1.74575457375E+04  -3.88430137147E+02  1.60775397273E-02  6.28316958922E+00  6.27201258774E+00
7.16000000000E+02  -8.00000000000E+00  7.00000000000E-01  7.16044691343E+02  -6.40149669524E-01  3.16168777537E+03  1.39326497414E+05  -1.94714083496E+04  -3.87997990618E+02  1.60775397273E-02  1.57179611830E-05  -1.11727194387E-02
7.16000000000E+02  -4.00000000000E+00  -9.00000000000E-01  7.16011173097E+02  -3.20084823782E-01  1.94355265777E+05  8.58747832961E+05  1.74097704922E+05  -1.88663262116E+03  1.60782823507E-02  6.28316509649E+00  6.27759877312E+00
7.16000000000E+02  -4.00000000000E+00  9.00000000000E-01  7.16011173097E+02  -3.20084823782E-01  2.05976086215E+05  8.69030912869E+05  -1.81172114611E+05  -1.88192681104E+03  1.60782823507E-02  2.02106868310E-05  -5.58653406066E-03
7.16000000000E+02  4.00000000000E+00  -9.00000000000E-01  7.16011173097E+02  3.20084823782E-01  7.26005580502E+06  4.81298392627E+04  2.43018149152E+05  -1.88623666113E+04  1.60782823507E-02  6.28316509649E+00  5.58653406066E-03
7.16000000000E+02  4.00000000000E+00  9.00000000000E-01  7.16011173097E+02  3.20084823782E-01  7.29018254523E+06  4.76679530896E+04  -2.51594989017E+05  -1.88618260070E+04  1.60782823507E-02  2.02106868310E-05  5.58653406066E-03
7.16000000000E+02  8.00000000000E+00  -7.00000000000E-01  7.16044691343E+02  6.40149669524E-01  7.07344876433E+06  7.93449928064E+04  1.82603362802E+05  -1.91590119991E+04  1.60775397273E-02  6.28316958922E+00  1.11727194387E-02
7.16000000000E+02  8.00000000000E+00  7.00000000000E-01  7.16044691343E+02  6.40149669524E-01  7.14252834397E+06  8.00229951430E+04  -1.99174223998E+05  -1.91625957985E+04  1.60775397273E-02  1.57179611830E-05  1.11727194387E-02
7.16000000000E+02  1.00000000000E+01  -5.00000000000E-01  7.16069828997E+02  8.00168359333E-01  7.02290634314E+06  9.83020081274E+04  1.33539887420E+05  -1.93746329637E+04  1.60769828273E-02  6.28317408085E+00  1.39655724406E-02
7.16000000000E+02  1.00000000000E+01  5.00000000000E-01  7.16069828997E+02  8.00168359333E-01  7.06192489379E+06  9.87107888380E+04  -1.44550148385E+05  -1.93736311255E+04  1.60769828273E-02  1.12263320932E-05  1.39655724406E-02
7.16000000000E+02  1.10000000000E+01  -3.00000000000E-01  7.16084492221E+02  8.80173179210E-01  6.95548461644E+06  1.07239412619E+05  1.63730317545E+04  -1.94942979966E+04  1.60766586228E-02  6.28317857165E+00  1.53619199650E-02
7.16000000000E+02  1.10000000000E+01  3.00000000000E-01  7.16084492221E+02  8.80173179210E-01  6.98308533943E+06  1.07407288020E+05  -8.19361225731E+04  -1.94895225632E+04  1.60766586228E-02  6.73552548585E-06  1.53619199650E-02
