7.06928037356E+02  6.41626982755E+00  -1.55000000000E+00  -1.33580884724E+04  
7.06928037356E+02  6.41626982755E+00  -1.45000000000E+00  -1.36274310221E+04  
7.06928037356E+02  6.41626982755E+00  -1.35000000000E+00  -1.38143143584E+04  
7.06928037356E+02  6.41626982755E+00  -1.25000000000E+00  -1.39716177611E+04  
7.06928037356E+02  6.41626982755E+00  1.25000000000E+00  -1.41645622822E+04  
7.06928037356E+02  6.41626982755E+00  1.35000000000E+00  -1.40343640532E+04  
7.06928037356E+02  6.41626982755E+00  1.45000000000E+00  -1.39009334960E+04  
7.06928037356E+02  6.41626982755E+00  1.55000000000E+00  -1.37134736712E+04  
7.06984087515E+02  6.45653728010E+00  -1.65000000000E+00  -1.27283996683E+04  
7.06984087515E+02  6.45653728010E+00  -1.55000000000E+00  -1.30003620522E+04  
7.06984087515E+02  6.45653728010E+00  -1.45000000000E+00  -1.32120963438E+04  
7.06984087515E+02  6.45653728010E+00  1.45000000000E+00  -1.33965918113E+04  
7.06984087515E+02  6.45653728010E+00  1.55000000000E+00  -1.31695908191E+04  
7.06984087515E+02  6.45653728010E+00  1.65000000000E+00  -1.29610539078E+04  
7.07040486818E+02  6.49679832842E+00  -1.85000000000E+00  -1.14540500239E+04  
7.07040486818E+02  6.49679832842E+00  -1.75000000000E+00  -1.17873600520E+04  
7.07040486818E+02  6.49679832842E+00  -1.65000000000E+00  -1.21240723177E+04  
7.07040486818E+02  6.49679832842E+00  1.65000000000E+00  -1.25017428409E+04  
7.07040486818E+02  6.49679832842E+00  1.75000000000E+00  -1.22648454487E+04  
7.07040486818E+02  6.49679832842E+00  1.85000000000E+00  -1.20279480564E+04  
7.07424907676E+02  6.41174435250E+00  -2.55000000000E+00  -5.82198601520E+03  
7.07424907676E+02  6.41174435250E+00  -2.45000000000E+00  -6.33327427859E+03  
7.07424907676E+02  6.41174435250E+00  -2.35000000000E+00  -6.84833150899E+03  
7.07424907676E+02  6.41174435250E+00  2.35000000000E+00  -7.37913073966E+03  
7.07424907676E+02  6.41174435250E+00  2.45000000000E+00  -6.88238010030E+03  
7.07424907676E+02  6.41174435250E+00  2.55000000000E+00  -6.38562946094E+03  
7.07480918471E+02  6.45198388437E+00  -2.55000000000E+00  -5.41195473470E+03  
7.07480918471E+02  6.45198388437E+00  -2.45000000000E+00  -5.86113856087E+03  
7.07480918471E+02  6.45198388437E+00  2.45000000000E+00  -6.56379686695E+03  
7.07480918471E+02  6.45198388437E+00  2.55000000000E+00  -6.13660216098E+03  
7.07537278170E+02  6.49221702544E+00  -2.65000000000E+00  -4.47098472312E+03  
7.07537278170E+02  6.49221702544E+00  -2.55000000000E+00  -4.98413068690E+03  
7.07537278170E+02  6.49221702544E+00  2.55000000000E+00  -5.78932961606E+03  
7.07537278170E+02  6.49221702544E+00  2.65000000000E+00  -5.39042342440E+03  
7.07921782403E+02  6.40722523008E+00  -3.15000000000E+00  5.81182437863E+02  
7.07921782403E+02  6.40722523008E+00  -3.05000000000E+00  2.84287054678E+01  
7.07921782403E+02  6.40722523008E+00  -1.35000000000E+00  -7.08920004728E+03  
7.07921782403E+02  6.40722523008E+00  -1.25000000000E+00  -7.29609579836E+03  
7.07921782403E+02  6.40722523008E+00  -1.15000000000E+00  -7.49218855805E+03  
7.07921782403E+02  6.40722523008E+00  -1.05000000000E+00  -7.68828131774E+03  
7.07921782403E+02  6.40722523008E+00  1.05000000000E+00  -7.98496173599E+03  
7.07921782403E+02  6.40722523008E+00  1.15000000000E+00  -7.82056412614E+03  
7.07921782403E+02  6.40722523008E+00  1.25000000000E+00  -7.61061419185E+03  
7.07921782403E+02  6.40722523008E+00  1.35000000000E+00  -7.40118288829E+03  
7.07921782403E+02  6.40722523008E+00  3.05000000000E+00  -8.85530113979E+02  
7.07921782403E+02  6.40722523008E+00  3.15000000000E+00  -3.16051705383E+02  
7.07977753888E+02  6.44743687946E+00  -3.15000000000E+00  1.00754867466E+03  
7.07977753888E+02  6.44743687946E+00  -1.45000000000E+00  -6.34368005951E+03  
7.07977753888E+02  6.44743687946E+00  -1.35000000000E+00  -6.64036965940E+03  
7.07977753888E+02  6.44743687946E+00  -1.25000000000E+00  -6.93705925930E+03  
7.07977753888E+02  6.44743687946E+00  1.25000000000E+00  -7.20281152615E+03  
7.07977753888E+02  6.44743687946E+00  1.35000000000E+00  -6.98811848326E+03  
7.07977753888E+02  6.44743687946E+00  1.45000000000E+00  -6.79058074817E+03  
7.07977753888E+02  6.44743687946E+00  3.15000000000E+00  -1.80119897075E+02  
7.08034074039E+02  6.48764215142E+00  -3.25000000000E+00  2.07572715588E+03  
7.08034074039E+02  6.48764215142E+00  -3.15000000000E+00  1.44947621664E+03  
7.08034074039E+02  6.48764215142E+00  -1.55000000000E+00  -5.78673267742E+03  
7.08034074039E+02  6.48764215142E+00  -1.45000000000E+00  -6.09336130237E+03  
7.08034074039E+02  6.48764215142E+00  -1.35000000000E+00  -6.29571153412E+03  
7.08034074039E+02  6.48764215142E+00  1.35000000000E+00  -6.84946248489E+03  
7.08034074039E+02  6.48764215142E+00  1.45000000000E+00  -6.57161432484E+03  
7.08034074039E+02  6.48764215142E+00  1.55000000000E+00  -6.29376616479E+03  
7.08034074039E+02  6.48764215142E+00  3.15000000000E+00  1.33224570693E+02  
7.08034074039E+02  6.48764215142E+00  3.25000000000E+00  6.55258206149E+02  
7.08418661527E+02  6.40271244699E+00  -3.55000000000E+00  5.97864941430E+03  
7.08418661527E+02  6.40271244699E+00  -2.15000000000E+00  -1.69685442380E+03  
7.08418661527E+02  6.40271244699E+00  -2.05000000000E+00  -2.03381226307E+03  
7.08418661527E+02  6.40271244699E+00  2.05000000000E+00  -3.02391017831E+03  
7.08418661527E+02  6.40271244699E+00  2.15000000000E+00  -2.69415880982E+03  
7.08418661527E+02  6.40271244699E+00  3.55000000000E+00  4.23266228440E+03  
7.08474593758E+02  6.44289625198E+00  -3.65000000000E+00  7.04844496005E+03  
7.08474593758E+02  6.44289625198E+00  -3.55000000000E+00  6.31204898512E+03  
7.08474593758E+02  6.44289625198E+00  -2.25000000000E+00  -9.22309825673E+02  
7.08474593758E+02  6.44289625198E+00  -2.15000000000E+00  -1.32712828789E+03  
7.08474593758E+02  6.44289625198E+00  2.15000000000E+00  -2.24017197940E+03  
7.08474593758E+02  6.44289625198E+00  2.25000000000E+00  -1.87998126246E+03  
7.08474593758E+02  6.44289625198E+00  3.55000000000E+00  4.54235027454E+03  
7.08474593758E+02  6.44289625198E+00  3.65000000000E+00  5.13987544708E+03  
7.08530874416E+02  6.48307369290E+00  -3.65000000000E+00  7.18437647135E+03  
7.08530874416E+02  6.48307369290E+00  -3.55000000000E+00  6.45487753406E+03  
7.08530874416E+02  6.48307369290E+00  -2.35000000000E+00  -2.42212494739E+02  
7.08530874416E+02  6.48307369290E+00  -2.25000000000E+00  -7.14575587919E+02  
7.08530874416E+02  6.48307369290E+00  2.25000000000E+00  -1.66809734533E+03  
7.08530874416E+02  6.48307369290E+00  2.35000000000E+00  -1.28345912800E+03  
7.08530874416E+02  6.48307369290E+00  3.55000000000E+00  4.72471541448E+03  
7.08530874416E+02  6.48307369290E+00  3.65000000000E+00  5.36382381902E+03  
7.08971438071E+02  6.43836198857E+00  -3.95000000000E+00  1.12169212143E+04  
7.08971438071E+02  6.43836198857E+00  -3.85000000000E+00  1.05318322361E+04  
7.08971438071E+02  6.43836198857E+00  -2.75000000000E+00  3.54241613771E+03  
7.08971438071E+02  6.43836198857E+00  -2.65000000000E+00  2.97635113021E+03  
7.08971438071E+02  6.43836198857E+00  -1.25000000000E+00  -2.12017163490E+03  
7.08971438071E+02  6.43836198857E+00  -1.15000000000E+00  -2.32580369042E+03  
7.08971438071E+02  6.43836198857E+00  -1.05000000000E+00  -2.54498872590E+03  
7.08971438071E+02  6.43836198857E+00  1.05000000000E+00  -3.12498841976E+03  
7.08971438071E+02  6.43836198857E+00  1.15000000000E+00  -2.92173924171E+03  
7.08971438071E+02  6.43836198857E+00  1.25000000000E+00  -2.71212619342E+03  
7.08971438071E+02  6.43836198857E+00  2.65000000000E+00  1.64926071180E+03  
7.08971438071E+02  6.43836198857E+00  2.75000000000E+00  2.08288195941E+03  
7.08971438071E+02  6.43836198857E+00  3.85000000000E+00  8.25514563136E+03  
7.08971438071E+02  6.43836198857E+00  3.95000000000E+00  8.92315573375E+03  
7.09027679290E+02  6.47851163645E+00  -3.95000000000E+00  1.16107282096E+04  
7.09027679290E+02  6.47851163645E+00  -2.75000000000E+00  3.73811036935E+03  
7.09027679290E+02  6.47851163645E+00  -1.35000000000E+00  -1.76229835340E+03  
7.09027679290E+02  6.47851163645E+00  -1.25000000000E+00  -2.02090750952E+03  
7.09027679290E+02  6.47851163645E+00  -1.15000000000E+00  -2.20728389630E+03  
7.09027679290E+02  6.47851163645E+00  1.15000000000E+00  -2.72138322847E+03  
7.09027679290E+02  6.47851163645E+00  1.25000000000E+00  -2.56991264913E+03  
7.09027679290E+02  6.47851163645E+00  1.35000000000E+00  -2.41844206979E+03  
7.09027679290E+02  6.47851163645E+00  2.75000000000E+00  2.26366482044E+03  
7.09027679290E+02  6.47851163645E+00  3.95000000000E+00  8.97972338223E+03  
7.09468286818E+02  6.43383407593E+00  -4.15000000000E+00  1.46152687692E+04  
7.09468286818E+02  6.43383407593E+00  -3.05000000000E+00  6.81385985101E+03  
7.09468286818E+02  6.43383407593E+00  -1.85000000000E+00  1.39838437363E+03  
7.09468286818E+02  6.43383407593E+00  -1.75000000000E+00  1.03252814115E+03  
7.09468286818E+02  6.43383407593E+00  1.75000000000E+00  5.25347371869E+01  
7.09468286818E+02  6.43383407593E+00  1.85000000000E+00  2.95643320021E+02  
7.09468286818E+02  6.43383407593E+00  3.05000000000E+00  5.08084178725E+03  
7.09468286818E+02  6.43383407593E+00  4.15000000000E+00  1.16308848132E+04  
7.09524488654E+02  6.47395596867E+00  -4.15000000000E+00  1.44435438541E+04  
7.09524488654E+02  6.47395596867E+00  -3.05000000000E+00  6.97925925657E+03  
7.09524488654E+02  6.47395596867E+00  -1.85000000000E+00  1.48460980235E+03  
7.09524488654E+02  6.47395596867E+00  1.85000000000E+00  4.91394559647E+02  
7.09524488654E+02  6.47395596867E+00  3.05000000000E+00  5.29857580897E+03  
7.09524488654E+02  6.47395596867E+00  4.15000000000E+00  1.17389534949E+04  
7.09965139989E+02  6.42931250078E+00  -4.35000000000E+00  1.68180061217E+04  
7.09965139989E+02  6.42931250078E+00  -3.25000000000E+00  9.24268613099E+03  
7.09965139989E+02  6.42931250078E+00  -2.15000000000E+00  3.66651675255E+03  
7.09965139989E+02  6.42931250078E+00  2.15000000000E+00  2.41373719783E+03  
7.09965139989E+02  6.42931250078E+00  3.25000000000E+00  7.19289298365E+03  
7.09965139989E+02  6.42931250078E+00  4.35000000000E+00  1.37557486974E+04  
7.10021302497E+02  6.46940667623E+00  -4.35000000000E+00  1.67621418569E+04  
7.10021302497E+02  6.46940667623E+00  -3.35000000000E+00  9.92792252696E+03  
7.10021302497E+02  6.46940667623E+00  -3.25000000000E+00  9.34286829909E+03  
7.10021302497E+02  6.46940667623E+00  -2.25000000000E+00  4.17800119508E+03  
7.10021302497E+02  6.46940667623E+00  -2.15000000000E+00  3.75876565007E+03  
7.10021302497E+02  6.46940667623E+00  2.15000000000E+00  2.59331286961E+03  
7.10021302497E+02  6.46940667623E+00  2.25000000000E+00  2.94486206739E+03  
7.10021302497E+02  6.46940667623E+00  3.25000000000E+00  7.25208198900E+03  
7.10021302497E+02  6.46940667623E+00  3.35000000000E+00  7.81723162016E+03  
7.10021302497E+02  6.46940667623E+00  4.35000000000E+00  1.38787624188E+04  
7.10461997576E+02  6.42479724987E+00  -4.45000000000E+00  1.77898629309E+04  
7.10461997576E+02  6.42479724987E+00  -3.45000000000E+00  1.11025891666E+04  
7.10461997576E+02  6.42479724987E+00  -2.45000000000E+00  5.71558687469E+03  
7.10461997576E+02  6.42479724987E+00  -2.35000000000E+00  5.30029582428E+03  
7.10461997576E+02  6.42479724987E+00  2.35000000000E+00  3.92273679978E+03  
7.10461997576E+02  6.42479724987E+00  2.45000000000E+00  4.25323399026E+03  
7.10461997576E+02  6.42479724987E+00  3.45000000000E+00  8.94812783363E+03  
7.10461997576E+02  6.42479724987E+00  4.45000000000E+00  1.49351565613E+04  
7.10518120810E+02  6.46486374579E+00  -4.45000000000E+00  1.78429156773E+04  
7.10518120810E+02  6.46486374579E+00  -3.45000000000E+00  1.10837241947E+04  
7.10518120810E+02  6.46486374579E+00  -2.45000000000E+00  5.85323147365E+03  
7.10518120810E+02  6.46486374579E+00  -2.35000000000E+00  5.40908862602E+03  
7.10518120810E+02  6.46486374579E+00  2.35000000000E+00  3.97185589558E+03  
7.10518120810E+02  6.46486374579E+00  2.45000000000E+00  4.34109661107E+03  
7.10518120810E+02  6.46486374579E+00  3.45000000000E+00  8.93842131987E+03  
7.10518120810E+02  6.46486374579E+00  4.45000000000E+00  1.49417962085E+04  
7.10958859569E+02  6.42028831001E+00  -4.55000000000E+00  1.85979027019E+04  
7.10958859569E+02  6.42028831001E+00  -4.45000000000E+00  1.79011598432E+04  
7.10958859569E+02  6.42028831001E+00  -3.55000000000E+00  1.20138279202E+04  
7.10958859569E+02  6.42028831001E+00  -3.45000000000E+00  1.14010046448E+04  
7.10958859569E+02  6.42028831001E+00  -2.45000000000E+00  6.09629060441E+03  
7.10958859569E+02  6.42028831001E+00  2.45000000000E+00  4.68229763448E+03  
7.10958859569E+02  6.42028831001E+00  3.45000000000E+00  9.15637273894E+03  
7.10958859569E+02  6.42028831001E+00  3.55000000000E+00  9.71172346105E+03  
7.10958859569E+02  6.42028831001E+00  4.45000000000E+00  1.50880288466E+04  
7.10958859569E+02  6.42028831001E+00  4.55000000000E+00  1.57286607781E+04  
7.11014943584E+02  6.46032716408E+00  -4.55000000000E+00  1.85831102279E+04  
7.11014943584E+02  6.46032716408E+00  -4.45000000000E+00  1.78949802312E+04  
7.11014943584E+02  6.46032716408E+00  -3.55000000000E+00  1.19882925002E+04  
7.11014943584E+02  6.46032716408E+00  -3.45000000000E+00  1.13660480428E+04  
7.11014943584E+02  6.46032716408E+00  -2.55000000000E+00  6.56989167654E+03  
7.11014943584E+02  6.46032716408E+00  -2.45000000000E+00  6.12674936972E+03  
7.11014943584E+02  6.46032716408E+00  2.45000000000E+00  4.66539650043E+03  
7.11014943584E+02  6.46032716408E+00  2.55000000000E+00  5.03794725938E+03  
7.11014943584E+02  6.46032716408E+00  3.45000000000E+00  9.19450170154E+03  
7.11014943584E+02  6.46032716408E+00  3.55000000000E+00  9.72502327127E+03  
7.11014943584E+02  6.46032716408E+00  4.45000000000E+00  1.50907168568E+04  
7.11014943584E+02  6.46032716408E+00  4.55000000000E+00  1.57319448405E+04  
7.11455725959E+02  6.41578566803E+00  -4.55000000000E+00  1.86056863554E+04  
7.11455725959E+02  6.41578566803E+00  -4.45000000000E+00  1.79149595629E+04  
7.11455725959E+02  6.41578566803E+00  -3.55000000000E+00  1.20161596429E+04  
7.11455725959E+02  6.41578566803E+00  -3.45000000000E+00  1.13853170735E+04  
7.11455725959E+02  6.41578566803E+00  -2.45000000000E+00  6.16152090963E+03  
7.11455725959E+02  6.41578566803E+00  2.45000000000E+00  4.65839486356E+03  
7.11455725959E+02  6.41578566803E+00  3.45000000000E+00  9.21073660914E+03  
7.11455725959E+02  6.41578566803E+00  3.55000000000E+00  9.78019371482E+03  
7.11455725959E+02  6.41578566803E+00  4.45000000000E+00  1.50911789728E+04  
7.11455725959E+02  6.41578566803E+00  4.55000000000E+00  1.57273127787E+04  
7.11511770809E+02  6.45579691786E+00  -4.45000000000E+00  1.78948655050E+04  
7.11511770809E+02  6.45579691786E+00  -3.45000000000E+00  1.13863063032E+04  
7.11511770809E+02  6.45579691786E+00  -2.45000000000E+00  6.12417096187E+03  
7.11511770809E+02  6.45579691786E+00  2.45000000000E+00  4.66314993064E+03  
7.11511770809E+02  6.45579691786E+00  3.45000000000E+00  9.21197883024E+03  
7.11511770809E+02  6.45579691786E+00  4.45000000000E+00  1.50908759056E+04  
7.11568162582E+02  6.49580184542E+00  -4.45000000000E+00  1.79043284095E+04  
7.11568162582E+02  6.49580184542E+00  -3.45000000000E+00  1.13764510900E+04  
7.11568162582E+02  6.49580184542E+00  -2.45000000000E+00  6.09088608871E+03  
7.11568162582E+02  6.49580184542E+00  2.45000000000E+00  4.58987137968E+03  
7.11568162582E+02  6.49580184542E+00  3.45000000000E+00  9.16316737170E+03  
7.11568162582E+02  6.49580184542E+00  4.45000000000E+00  1.50403908007E+04  
7.11952596737E+02  6.41128931080E+00  -4.45000000000E+00  1.77830341215E+04  
7.11952596737E+02  6.41128931080E+00  -3.45000000000E+00  1.10565205855E+04  
7.11952596737E+02  6.41128931080E+00  -2.35000000000E+00  5.26988430071E+03  
7.11952596737E+02  6.41128931080E+00  2.35000000000E+00  3.85958199808E+03  
7.11952596737E+02  6.41128931080E+00  3.45000000000E+00  8.85789544060E+03  
7.11952596737E+02  6.41128931080E+00  4.45000000000E+00  1.48809279101E+04  
7.12008602476E+02  6.45127299393E+00  -4.45000000000E+00  1.77576272493E+04  
7.12008602476E+02  6.45127299393E+00  -3.45000000000E+00  1.09898984505E+04  
7.12008602476E+02  6.45127299393E+00  -3.35000000000E+00  1.03848107404E+04  
7.12008602476E+02  6.45127299393E+00  -2.35000000000E+00  5.18784111176E+03  
7.12008602476E+02  6.45127299393E+00  2.35000000000E+00  3.78217069927E+03  
7.12008602476E+02  6.45127299393E+00  3.35000000000E+00  8.26476447818E+03  
7.12008602476E+02  6.45127299393E+00  3.45000000000E+00  8.79870714701E+03  
7.12008602476E+02  6.45127299393E+00  4.45000000000E+00  1.48429030315E+04  
7.12064954902E+02  6.49125036795E+00  -4.45000000000E+00  1.77406247375E+04  
7.12064954902E+02  6.49125036795E+00  -3.45000000000E+00  1.09249066681E+04  
7.12064954902E+02  6.49125036795E+00  -3.35000000000E+00  1.03188950858E+04  
7.12064954902E+02  6.49125036795E+00  -2.35000000000E+00  5.10491833495E+03  
7.12064954902E+02  6.49125036795E+00  2.35000000000E+00  3.70984587960E+03  
7.12064954902E+02  6.49125036795E+00  3.35000000000E+00  8.20017675605E+03  
7.12064954902E+02  6.49125036795E+00  3.45000000000E+00  8.73022339401E+03  
7.12064954902E+02  6.49125036795E+00  4.45000000000E+00  1.47977777510E+04  
7.12449471893E+02  6.40679922522E+00  -4.35000000000E+00  1.66889640900E+04  
7.12449471893E+02  6.40679922522E+00  -3.25000000000E+00  9.16874774000E+03  
7.12449471893E+02  6.40679922522E+00  -2.15000000000E+00  3.58557826785E+03  
7.12449471893E+02  6.40679922522E+00  2.15000000000E+00  2.28311838791E+03  
7.12449471893E+02  6.40679922522E+00  3.25000000000E+00  7.07574744113E+03  
7.12449471893E+02  6.40679922522E+00  4.35000000000E+00  1.37173819199E+04  
7.12505438576E+02  6.44675537910E+00  -4.35000000000E+00  1.66498612607E+04  
7.12505438576E+02  6.44675537910E+00  -4.25000000000E+00  1.58192681471E+04  
7.12505438576E+02  6.44675537910E+00  -3.25000000000E+00  8.99141583480E+03  
7.12505438576E+02  6.44675537910E+00  -2.15000000000E+00  3.43270740610E+03  
7.12505438576E+02  6.44675537910E+00  2.15000000000E+00  2.15790037904E+03  
7.12505438576E+02  6.44675537910E+00  3.25000000000E+00  6.95661606140E+03  
7.12505438576E+02  6.44675537910E+00  4.25000000000E+00  1.30121374320E+04  
7.12505438576E+02  6.44675537910E+00  4.35000000000E+00  1.36939233100E+04  
7.12561751710E+02  6.48670523702E+00  -4.35000000000E+00  1.66196245462E+04  
7.12561751710E+02  6.48670523702E+00  -4.25000000000E+00  1.58311545770E+04  
7.12561751710E+02  6.48670523702E+00  -3.25000000000E+00  8.82725253602E+03  
7.12561751710E+02  6.48670523702E+00  -2.15000000000E+00  3.26939097289E+03  
7.12561751710E+02  6.48670523702E+00  -2.05000000000E+00  2.87275084567E+03  
7.12561751710E+02  6.48670523702E+00  2.05000000000E+00  1.70639562057E+03  
7.12561751710E+02  6.48670523702E+00  2.15000000000E+00  2.02944225654E+03  
7.12561751710E+02  6.48670523702E+00  3.25000000000E+00  6.81187241677E+03  
7.12561751710E+02  6.48670523702E+00  4.25000000000E+00  1.29784439018E+04  
7.12561751710E+02  6.48670523702E+00  4.35000000000E+00  1.36305394813E+04  
7.12946351418E+02  6.40231539824E+00  -4.15000000000E+00  1.43370143072E+04  
7.12946351418E+02  6.40231539824E+00  -3.05000000000E+00  6.59210744023E+03  
7.12946351418E+02  6.40231539824E+00  -1.85000000000E+00  1.03271640594E+03  
7.12946351418E+02  6.40231539824E+00  -1.75000000000E+00  7.02218595215E+02  
7.12946351418E+02  6.40231539824E+00  1.75000000000E+00  -3.37347841756E+02  
7.12946351418E+02  6.40231539824E+00  1.85000000000E+00  -3.06428782913E+01  
7.12946351418E+02  6.40231539824E+00  3.05000000000E+00  4.83926172656E+03  
7.12946351418E+02  6.40231539824E+00  4.15000000000E+00  1.13603653569E+04  
7.13002279099E+02  6.44224406026E+00  -4.15000000000E+00  1.40147097252E+04  
7.13002279099E+02  6.44224406026E+00  -3.05000000000E+00  6.41474908182E+03  
7.13002279099E+02  6.44224406026E+00  -2.95000000000E+00  5.78387217899E+03  
7.13002279099E+02  6.44224406026E+00  -1.75000000000E+00  4.72708189100E+02  
7.13002279099E+02  6.44224406026E+00  -1.65000000000E+00  1.23707733251E+02  
7.13002279099E+02  6.44224406026E+00  1.65000000000E+00  -7.24279359461E+02  
7.13002279099E+02  6.44224406026E+00  1.75000000000E+00  -4.51822129538E+02  
7.13002279099E+02  6.44224406026E+00  2.95000000000E+00  4.14558557585E+03  
7.13002279099E+02  6.44224406026E+00  3.05000000000E+00  4.64237977100E+03  
7.13002279099E+02  6.44224406026E+00  4.15000000000E+00  1.12633509726E+04  
7.13058552995E+02  6.48216643941E+00  -4.15000000000E+00  1.40710976277E+04  
7.13058552995E+02  6.48216643941E+00  -4.05000000000E+00  1.31734848075E+04  
7.13058552995E+02  6.48216643941E+00  -2.95000000000E+00  5.68522676780E+03  
7.13058552995E+02  6.48216643941E+00  -1.75000000000E+00  3.26471767464E+02  
7.13058552995E+02  6.48216643941E+00  -1.65000000000E+00  -1.35783733434E+00  
7.13058552995E+02  6.48216643941E+00  1.65000000000E+00  -8.60772007909E+02  
7.13058552995E+02  6.48216643941E+00  1.75000000000E+00  -5.92147708153E+02  
7.13058552995E+02  6.48216643941E+00  2.95000000000E+00  4.07100024753E+03  
7.13058552995E+02  6.48216643941E+00  4.05000000000E+00  1.04127747627E+04  
7.13058552995E+02  6.48216643941E+00  4.15000000000E+00  1.11478515204E+04  
7.13499124036E+02  6.43773902430E+00  -3.85000000000E+00  1.01659125830E+04  
7.13499124036E+02  6.43773902430E+00  -2.65000000000E+00  2.46695250944E+03  
7.13499124036E+02  6.43773902430E+00  -1.05000000000E+00  -3.23247524533E+03  
7.13499124036E+02  6.43773902430E+00  -9.50000000000E-01  -3.43212850301E+03  
7.13499124036E+02  6.43773902430E+00  -8.50000000000E-01  -3.63178176069E+03  
7.13499124036E+02  6.43773902430E+00  8.50000000000E-01  -4.06742554211E+03  
7.13499124036E+02  6.43773902430E+00  9.50000000000E-01  -3.90727977041E+03  
7.13499124036E+02  6.43773902430E+00  1.05000000000E+00  -3.74713399871E+03  
7.13499124036E+02  6.43773902430E+00  2.65000000000E+00  1.11180363085E+03  
7.13499124036E+02  6.43773902430E+00  3.85000000000E+00  7.80944888398E+03  
7.13555358749E+02  6.47763396196E+00  -3.85000000000E+00  9.88958356961E+03  
7.13555358749E+02  6.47763396196E+00  -2.65000000000E+00  2.21173331012E+03  
7.13555358749E+02  6.47763396196E+00  -2.55000000000E+00  1.70044225396E+03  
7.13555358749E+02  6.47763396196E+00  -9.50000000000E-01  -3.76235873714E+03  
7.13555358749E+02  6.47763396196E+00  -8.50000000000E-01  -3.92161948715E+03  
7.13555358749E+02  6.47763396196E+00  -7.50000000000E-01  -4.08088023717E+03  
7.13555358749E+02  6.47763396196E+00  -6.50000000000E-01  -4.24014098718E+03  
7.13555358749E+02  6.47763396196E+00  6.50000000000E-01  -4.51897566459E+03  
7.13555358749E+02  6.47763396196E+00  7.50000000000E-01  -4.38873839684E+03  
7.13555358749E+02  6.47763396196E+00  8.50000000000E-01  -4.26037389736E+03  
7.13555358749E+02  6.47763396196E+00  9.50000000000E-01  -4.13200939788E+03  
7.13555358749E+02  6.47763396196E+00  2.55000000000E+00  3.05992325012E+02  
7.13555358749E+02  6.47763396196E+00  2.65000000000E+00  7.62084528705E+02  
7.13555358749E+02  6.47763396196E+00  3.85000000000E+00  7.54771129230E+03  
7.13995973378E+02  6.43324025817E+00  -3.55000000000E+00  5.56798096786E+03  
7.13995973378E+02  6.43324025817E+00  -3.45000000000E+00  4.93118939844E+03  
7.13995973378E+02  6.43324025817E+00  -2.15000000000E+00  -2.16330646343E+03  
7.13995973378E+02  6.43324025817E+00  -2.05000000000E+00  -2.62039542632E+03  
7.13995973378E+02  6.43324025817E+00  2.05000000000E+00  -3.46221801845E+03  
7.13995973378E+02  6.43324025817E+00  2.15000000000E+00  -3.03910877918E+03  
7.13995973378E+02  6.43324025817E+00  3.45000000000E+00  3.20386036626E+03  
7.13995973378E+02  6.43324025817E+00  3.55000000000E+00  3.82478741774E+03  
7.14052168962E+02  6.47310779153E+00  -3.55000000000E+00  5.35051954508E+03  
7.14052168962E+02  6.47310779153E+00  -3.45000000000E+00  4.67020543432E+03  
7.14052168962E+02  6.47310779153E+00  -2.05000000000E+00  -2.86103237651E+03  
7.14052168962E+02  6.47310779153E+00  -1.95000000000E+00  -3.28688238281E+03  
7.14052168962E+02  6.47310779153E+00  1.95000000000E+00  -4.14943946749E+03  
7.14052168962E+02  6.47310779153E+00  2.05000000000E+00  -3.73909048302E+03  
7.14052168962E+02  6.47310779153E+00  3.45000000000E+00  2.94461570448E+03  
7.14052168962E+02  6.47310779153E+00  3.55000000000E+00  3.62717384302E+03  
7.14492827116E+02  6.42874774883E+00  -3.15000000000E+00  3.48549918811E+02  
7.14492827116E+02  6.42874774883E+00  -3.05000000000E+00  -2.59359282003E+02  
7.14492827116E+02  6.42874774883E+00  -1.35000000000E+00  -7.68703770782E+03  
7.14492827116E+02  6.42874774883E+00  -1.25000000000E+00  -7.92161910250E+03  
7.14492827116E+02  6.42874774883E+00  -1.15000000000E+00  -8.10228281185E+03  
7.14492827116E+02  6.42874774883E+00  -1.05000000000E+00  -8.28499741791E+03  
7.14492827116E+02  6.42874774883E+00  1.05000000000E+00  -8.53393654164E+03  
7.14492827116E+02  6.42874774883E+00  1.15000000000E+00  -8.37430431309E+03  
7.14492827116E+02  6.42874774883E+00  1.25000000000E+00  -8.21467208454E+03  
7.14492827116E+02  6.42874774883E+00  1.35000000000E+00  -8.05503985600E+03  
7.14492827116E+02  6.42874774883E+00  3.05000000000E+00  -1.55897359850E+03  
7.14492827116E+02  6.42874774883E+00  3.15000000000E+00  -9.79423525554E+02  
7.14548983625E+02  6.46858791502E+00  -3.05000000000E+00  -6.71950917825E+02  
7.14548983625E+02  6.46858791502E+00  -2.95000000000E+00  -1.25927838271E+03  
7.14548983625E+02  6.46858791502E+00  -1.15000000000E+00  -8.38296265542E+03  
7.14548983625E+02  6.46858791502E+00  -1.05000000000E+00  -8.63617772973E+03  
7.14548983625E+02  6.46858791502E+00  -9.50000000000E-01  -8.81617627703E+03  
7.14548983625E+02  6.46858791502E+00  -8.50000000000E-01  -8.96269334335E+03  
7.14548983625E+02  6.46858791502E+00  8.50000000000E-01  -9.33053075796E+03  
7.14548983625E+02  6.46858791502E+00  9.50000000000E-01  -9.23748197386E+03  
7.14548983625E+02  6.46858791502E+00  1.05000000000E+00  -9.03733070776E+03  
7.14548983625E+02  6.46858791502E+00  1.15000000000E+00  -8.83717944167E+03  
7.14548983625E+02  6.46858791502E+00  2.95000000000E+00  -2.45678269715E+03  
7.14548983625E+02  6.46858791502E+00  3.05000000000E+00  -1.94668595394E+03  
7.14989685240E+02  6.42426148330E+00  -2.45000000000E+00  -6.97690091680E+03  
7.14989685240E+02  6.42426148330E+00  -2.35000000000E+00  -7.43238163089E+03  
7.14989685240E+02  6.42426148330E+00  2.35000000000E+00  -8.08966310573E+03  
7.14989685240E+02  6.42426148330E+00  2.45000000000E+00  -7.61136595635E+03  
7.15045802729E+02  6.46407431938E+00  -2.45000000000E+00  -7.32755736019E+03  
7.15045802729E+02  6.46407431938E+00  -2.35000000000E+00  -7.80279045835E+03  
7.15045802729E+02  6.46407431938E+00  -2.25000000000E+00  -8.27802355651E+03  
7.15045802729E+02  6.46407431938E+00  2.25000000000E+00  -8.90586015566E+03  
7.15045802729E+02  6.46407431938E+00  2.35000000000E+00  -8.50076674470E+03  
7.15045802729E+02  6.46407431938E+00  2.45000000000E+00  -8.03042815987E+03  
7.15486547742E+02  6.41978144863E+00  -1.55000000000E+00  -1.43862553798E+04  
7.15486547742E+02  6.41978144863E+00  -1.45000000000E+00  -1.45480818264E+04  
7.15486547742E+02  6.41978144863E+00  -1.35000000000E+00  -1.47099082729E+04  
7.15486547742E+02  6.41978144863E+00  -1.25000000000E+00  -1.48568693390E+04  
7.15486547742E+02  6.41978144863E+00  1.25000000000E+00  -1.51272225582E+04  
7.15486547742E+02  6.41978144863E+00  1.35000000000E+00  -1.49744966465E+04  
7.15486547742E+02  6.41978144863E+00  1.45000000000E+00  -1.47594059963E+04  
7.15486547742E+02  6.41978144863E+00  1.55000000000E+00  -1.44447920038E+04  
7.15542626263E+02  6.45956699156E+00  -1.35000000000E+00  -1.50509667088E+04  
7.15542626263E+02  6.45956699156E+00  -1.25000000000E+00  -1.51830031371E+04  
7.15542626263E+02  6.45956699156E+00  -1.15000000000E+00  -1.53150395654E+04  
7.15542626263E+02  6.45956699156E+00  -1.05000000000E+00  -1.54562212939E+04  
7.15542626263E+02  6.45956699156E+00  -9.50000000000E-01  -1.55909820192E+04  
7.15542626263E+02  6.45956699156E+00  9.50000000000E-01  -1.57894287809E+04  
7.15542626263E+02  6.45956699156E+00  1.05000000000E+00  -1.56930836467E+04  
7.15542626263E+02  6.45956699156E+00  1.15000000000E+00  -1.55631668803E+04  
7.15542626263E+02  6.45956699156E+00  1.25000000000E+00  -1.54117398240E+04  
7.15542626263E+02  6.45956699156E+00  1.35000000000E+00  -1.52603127678E+04  
7.15599049748E+02  6.49934627965E+00  -1.15000000000E+00  -1.57924241326E+04  
7.15599049748E+02  6.49934627965E+00  -1.05000000000E+00  -1.58973045281E+04  
7.15599049748E+02  6.49934627965E+00  -9.50000000000E-01  -1.60144956365E+04  
7.15599049748E+02  6.49934627965E+00  -8.50000000000E-01  -1.61535192696E+04  
7.15599049748E+02  6.49934627965E+00  -7.50000000000E-01  -1.62193490272E+04  
7.15599049748E+02  6.49934627965E+00  -6.50000000000E-01  -1.62521553303E+04  
7.15599049748E+02  6.49934627965E+00  6.50000000000E-01  -1.63532636569E+04  
7.15599049748E+02  6.49934627965E+00  7.50000000000E-01  -1.62967363933E+04  
7.15599049748E+02  6.49934627965E+00  8.50000000000E-01  -1.62239952475E+04  
7.15599049748E+02  6.49934627965E+00  9.50000000000E-01  -1.61370385922E+04  
7.15599049748E+02  6.49934627965E+00  1.05000000000E+00  -1.60439145801E+04  
7.15599049748E+02  6.49934627965E+00  1.15000000000E+00  -1.59477191516E+04  
